run                 1119                 # Imaging run number. 
cpu                 10                 # cpu ID
mjd		    51582		 # mjd
version		    /p/astroda/v14_11    # version of astroda

typedef struct {
    int       frame;          # Frame number. 
    double    mjd;            # MJD at time r' row 0 is clocked. (MJD = TAI/86400.0 for this mjd) 
    double    ra;             # Right ascension/longitude of boresight when r' row 0 is clocked. (degrees) 
    double    dec;            # Declination/latitude of boresight when r' row 0 is clocked. (degrees) 
    float     spa;            # Camera col position angle wrt north.  
                              # (degrees) 
    float     ipa;            # Instrument rotator position angle.  
                              # (degrees) 
    float     ipaRate;        # Instrument rotator angular velocity.  
                              # (deg/sec) 
    double    az;             # Azimuth (encoder) of telescope. (degrees) 
    double    alt;            # Altitude (encoder) of telescope.  
                              # (degrees) 
} FRAMEINFO;

frameinfo 8 51582.24292395 132.131091 52.314236 43.734 192.730 0.0065 157.805227 68.318322 
frameinfo 9 51582.24299514 132.160203 52.332790 43.757 192.770 0.0065 157.826312 68.301441 
frameinfo 10 51582.24340995 132.330126 52.440848 43.891 193.002 0.0065 157.948167 68.202776 
frameinfo 11 51582.24382454 132.500791 52.548600 44.027 193.232 0.0064 158.067535 68.104053 
frameinfo 12 51582.24423924 132.672343 52.656135 44.163 193.459 0.0063 158.184556 68.005196 
frameinfo 13 51582.24465382 132.844688 52.763392 44.300 193.685 0.0063 158.299206 67.906273 
frameinfo 14 51582.24506841 133.017889 52.870397 44.438 193.908 0.0062 158.411515 67.807250 
frameinfo 15 51582.24548311 133.191993 52.977179 44.577 194.130 0.0061 158.521560 67.708112 
frameinfo 16 51582.24589770 133.366908 53.083676 44.717 194.349 0.0061 158.629319 67.608923 
frameinfo 17 51582.24631240 133.542739 53.189945 44.858 194.566 0.0060 158.734864 67.509628 
frameinfo 18 51582.24672698 133.719395 53.295925 44.999 194.782 0.0060 158.838158 67.410286 
frameinfo 19 51582.24714169 133.896973 53.401672 45.142 194.995 0.0059 158.939311 67.310857 
frameinfo 20 51582.24755627 134.075392 53.507124 45.285 195.207 0.0059 159.038251 67.211386 
frameinfo 21 51582.24797097 134.254749 53.612339 45.429 195.417 0.0058 159.135083 67.111830 
frameinfo 22 51582.24838556 134.434948 53.717255 45.574 195.625 0.0058 159.229787 67.012254 
frameinfo 23 51582.24880026 134.616098 53.821929 45.720 195.831 0.0057 159.322431 66.912603 
frameinfo 24 51582.24921485 134.798107 53.926300 45.867 196.035 0.0057 159.412977 66.812934 
frameinfo 25 51582.24962944 134.981020 54.030395 46.015 196.237 0.0056 159.501505 66.713234 
frameinfo 26 51582.25004414 135.164909 54.134239 46.164 196.438 0.0056 159.588022 66.613466 
frameinfo 27 51582.25045873 135.349668 54.237772 46.314 196.637 0.0055 159.672527 66.513697 
frameinfo 28 51582.25087343 135.535402 54.341052 46.465 196.834 0.0055 159.755104 66.413883 
frameinfo 29 51582.25128802 135.722024 54.444014 46.617 197.030 0.0054 159.835694 66.314070 
frameinfo 30 51582.25170272 135.909639 54.546717 46.769 197.224 0.0054 159.914385 66.214213 
frameinfo 31 51582.25211731 136.098143 54.649100 46.923 197.416 0.0054 159.991162 66.114376 
frameinfo 32 51582.25253201 136.287651 54.751218 47.078 197.607 0.0053 160.066087 66.014505 
frameinfo 33 51582.25294660 136.478066 54.853009 47.233 197.796 0.0053 160.139123 65.914655 
frameinfo 34 51582.25336130 136.669490 54.954531 47.390 197.984 0.0052 160.210361 65.814784 
frameinfo 35 51582.25377589 136.861835 55.055722 47.548 198.170 0.0052 160.279750 65.714940 
frameinfo 36 51582.25419048 137.055154 55.156607 47.706 198.354 0.0051 160.347344 65.615105 
frameinfo 37 51582.25460518 137.249504 55.257214 47.866 198.537 0.0051 160.413188 65.515255 
frameinfo 38 51582.25501977 137.444782 55.357483 48.026 198.719 0.0050 160.477272 65.415455 
frameinfo 39 51582.25543447 137.641109 55.457467 48.188 198.899 0.0050 160.539626 65.315641 
frameinfo 40 51582.25584906 137.838374 55.557107 48.350 199.077 0.0050 160.600260 65.215884 
frameinfo 41 51582.25626377 138.036697 55.656457 48.514 199.254 0.0049 160.659213 65.116124 
frameinfo 42 51582.25667835 138.235975 55.755457 48.679 199.430 0.0049 160.716467 65.016422 
frameinfo 43 51582.25709306 138.436315 55.854162 48.844 199.604 0.0048 160.772099 64.916732 
frameinfo 44 51582.25751285 138.640160 55.953744 49.013 199.779 0.0048 160.826723 64.815850 
frameinfo 45 51582.25795858 138.857740 56.059107 49.194 199.964 0.0048 160.882915 64.708787 
frameinfo 46 51582.25838867 139.068823 56.160411 49.369 200.140 0.0047 160.935379 64.605526 
frameinfo 47 51582.25880338 139.273403 56.257748 49.539 200.309 0.0047 160.984358 64.506011 
frameinfo 48 51582.25921796 139.478966 56.354718 49.710 200.476 0.0047 161.031763 64.406579 
frameinfo 49 51582.25963741 139.688008 56.452477 49.884 200.644 0.0046 161.078140 64.306033 
frameinfo 50 51582.26005212 139.895739 56.548784 50.057 200.809 0.0046 161.122465 64.206688 
frameinfo 51 51582.26046682 140.104533 56.644742 50.232 200.973 0.0045 161.165262 64.107400 
frameinfo 52 51582.26088141 140.314331 56.740322 50.407 201.135 0.0045 161.206552 64.008204 
frameinfo 53 51582.26129611 140.525249 56.835576 50.583 201.296 0.0045 161.246387 63.909054 
frameinfo 54 51582.26171070 140.737189 56.930444 50.761 201.456 0.0044 161.284729 63.809996 
frameinfo 55 51582.26212540 140.950267 57.024979 50.940 201.615 0.0044 161.321634 63.710985 
frameinfo 56 51582.26253998 141.164363 57.119125 51.119 201.772 0.0044 161.357109 63.612083 
frameinfo 57 51582.26295469 141.379615 57.212929 51.300 201.928 0.0043 161.391159 63.513228 
frameinfo 58 51582.26336927 141.595899 57.306337 51.482 202.084 0.0043 161.423801 63.414484 
frameinfo 8 51582.24292395 132.131091 52.314236 43.734 192.730 0.0065 157.805227 68.318322 
frameinfo 9 51582.24299514 132.160203 52.332790 43.757 192.770 0.0065 157.826312 68.301441 
frameinfo 10 51582.24340995 132.330126 52.440848 43.891 193.002 0.0065 157.948167 68.202776 
frameinfo 11 51582.24382454 132.500791 52.548600 44.027 193.232 0.0064 158.067535 68.104053 
frameinfo 12 51582.24423924 132.672343 52.656135 44.163 193.459 0.0063 158.184556 68.005196 
frameinfo 13 51582.24465382 132.844688 52.763392 44.300 193.685 0.0063 158.299206 67.906273 
frameinfo 14 51582.24506841 133.017889 52.870397 44.438 193.908 0.0062 158.411515 67.807250 
frameinfo 15 51582.24548311 133.191993 52.977179 44.577 194.130 0.0061 158.521560 67.708112 
frameinfo 16 51582.24589770 133.366908 53.083676 44.717 194.349 0.0061 158.629319 67.608923 
frameinfo 17 51582.24631240 133.542739 53.189945 44.858 194.566 0.0060 158.734864 67.509628 
frameinfo 18 51582.24672698 133.719395 53.295925 44.999 194.782 0.0060 158.838158 67.410286 
frameinfo 19 51582.24714169 133.896973 53.401672 45.142 194.995 0.0059 158.939311 67.310857 
frameinfo 20 51582.24755627 134.075392 53.507124 45.285 195.207 0.0059 159.038251 67.211386 
frameinfo 21 51582.24797097 134.254749 53.612339 45.429 195.417 0.0058 159.135083 67.111830 
frameinfo 22 51582.24838556 134.434948 53.717255 45.574 195.625 0.0058 159.229787 67.012254 
frameinfo 23 51582.24880026 134.616098 53.821929 45.720 195.831 0.0057 159.322431 66.912603 
frameinfo 24 51582.24921485 134.798107 53.926300 45.867 196.035 0.0057 159.412977 66.812934 
frameinfo 25 51582.24962944 134.981020 54.030395 46.015 196.237 0.0056 159.501505 66.713234 
frameinfo 26 51582.25004414 135.164909 54.134239 46.164 196.438 0.0056 159.588022 66.613466 
frameinfo 27 51582.25045873 135.349668 54.237772 46.314 196.637 0.0055 159.672527 66.513697 
frameinfo 28 51582.25087343 135.535402 54.341052 46.465 196.834 0.0055 159.755104 66.413883 
frameinfo 29 51582.25128802 135.722024 54.444014 46.617 197.030 0.0054 159.835694 66.314070 
frameinfo 30 51582.25170272 135.909639 54.546717 46.769 197.224 0.0054 159.914385 66.214213 
frameinfo 31 51582.25211731 136.098143 54.649100 46.923 197.416 0.0054 159.991162 66.114376 
frameinfo 32 51582.25253201 136.287651 54.751218 47.078 197.607 0.0053 160.066087 66.014505 
frameinfo 33 51582.25294660 136.478066 54.853009 47.233 197.796 0.0053 160.139123 65.914655 
frameinfo 34 51582.25336130 136.669490 54.954531 47.390 197.984 0.0052 160.210361 65.814784 
frameinfo 35 51582.25377589 136.861835 55.055722 47.548 198.170 0.0052 160.279750 65.714940 
frameinfo 36 51582.25419048 137.055154 55.156607 47.706 198.354 0.0051 160.347344 65.615105 
frameinfo 37 51582.25460518 137.249504 55.257214 47.866 198.537 0.0051 160.413188 65.515255 
frameinfo 38 51582.25501977 137.444782 55.357483 48.026 198.719 0.0050 160.477272 65.415455 
frameinfo 39 51582.25543447 137.641109 55.457467 48.188 198.899 0.0050 160.539626 65.315641 
frameinfo 40 51582.25584906 137.838374 55.557107 48.350 199.077 0.0050 160.600260 65.215884 
frameinfo 41 51582.25626377 138.036697 55.656457 48.514 199.254 0.0049 160.659213 65.116124 
frameinfo 42 51582.25667835 138.235975 55.755457 48.679 199.430 0.0049 160.716467 65.016422 
frameinfo 43 51582.25709306 138.436315 55.854162 48.844 199.604 0.0048 160.772099 64.916732 
frameinfo 44 51582.25751285 138.640160 55.953744 49.013 199.779 0.0048 160.826723 64.815850 
frameinfo 45 51582.25795858 138.857740 56.059107 49.194 199.964 0.0048 160.882915 64.708787 
frameinfo 46 51582.25838867 139.068823 56.160411 49.369 200.140 0.0047 160.935379 64.605526 
frameinfo 47 51582.25880338 139.273403 56.257748 49.539 200.309 0.0047 160.984358 64.506011 
frameinfo 48 51582.25921796 139.478966 56.354718 49.710 200.476 0.0047 161.031763 64.406579 
frameinfo 49 51582.25963741 139.688008 56.452477 49.884 200.644 0.0046 161.078140 64.306033 
frameinfo 50 51582.26005212 139.895739 56.548784 50.057 200.809 0.0046 161.122465 64.206688 
frameinfo 51 51582.26046682 140.104533 56.644742 50.232 200.973 0.0045 161.165262 64.107400 
frameinfo 52 51582.26088141 140.314331 56.740322 50.407 201.135 0.0045 161.206552 64.008204 
frameinfo 53 51582.26129611 140.525249 56.835576 50.583 201.296 0.0045 161.246387 63.909054 
frameinfo 54 51582.26171070 140.737189 56.930444 50.761 201.456 0.0044 161.284729 63.809996 
frameinfo 55 51582.26212540 140.950267 57.024979 50.940 201.615 0.0044 161.321634 63.710985 
frameinfo 56 51582.26253998 141.164363 57.119125 51.119 201.772 0.0044 161.357109 63.612083 
frameinfo 57 51582.26295469 141.379615 57.212929 51.300 201.928 0.0043 161.391159 63.513228 
frameinfo 58 51582.26336927 141.595899 57.306337 51.482 202.084 0.0043 161.423801 63.414484 
frameinfo 8 51582.24292395 132.131091 52.314236 43.734 192.730 0.0065 157.805227 68.318322 
frameinfo 9 51582.24299514 132.160203 52.332790 43.757 192.770 0.0065 157.826312 68.301441 
frameinfo 10 51582.24340995 132.330126 52.440848 43.891 193.002 0.0065 157.948167 68.202776 
frameinfo 11 51582.24382454 132.500791 52.548600 44.027 193.232 0.0064 158.067535 68.104053 
frameinfo 12 51582.24423924 132.672343 52.656135 44.163 193.459 0.0063 158.184556 68.005196 
frameinfo 13 51582.24465382 132.844688 52.763392 44.300 193.685 0.0063 158.299206 67.906273 
frameinfo 14 51582.24506841 133.017889 52.870397 44.438 193.908 0.0062 158.411515 67.807250 
frameinfo 15 51582.24548311 133.191993 52.977179 44.577 194.130 0.0061 158.521560 67.708112 
frameinfo 16 51582.24589770 133.366908 53.083676 44.717 194.349 0.0061 158.629319 67.608923 
frameinfo 17 51582.24631240 133.542739 53.189945 44.858 194.566 0.0060 158.734864 67.509628 
frameinfo 18 51582.24672698 133.719395 53.295925 44.999 194.782 0.0060 158.838158 67.410286 
frameinfo 19 51582.24714169 133.896973 53.401672 45.142 194.995 0.0059 158.939311 67.310857 
frameinfo 20 51582.24755627 134.075392 53.507124 45.285 195.207 0.0059 159.038251 67.211386 
frameinfo 21 51582.24797097 134.254749 53.612339 45.429 195.417 0.0058 159.135083 67.111830 
frameinfo 22 51582.24838556 134.434948 53.717255 45.574 195.625 0.0058 159.229787 67.012254 
frameinfo 23 51582.24880026 134.616098 53.821929 45.720 195.831 0.0057 159.322431 66.912603 
frameinfo 24 51582.24921485 134.798107 53.926300 45.867 196.035 0.0057 159.412977 66.812934 
frameinfo 25 51582.24962944 134.981020 54.030395 46.015 196.237 0.0056 159.501505 66.713234 
frameinfo 26 51582.25004414 135.164909 54.134239 46.164 196.438 0.0056 159.588022 66.613466 
frameinfo 27 51582.25045873 135.349668 54.237772 46.314 196.637 0.0055 159.672527 66.513697 
frameinfo 28 51582.25087343 135.535402 54.341052 46.465 196.834 0.0055 159.755104 66.413883 
frameinfo 29 51582.25128802 135.722024 54.444014 46.617 197.030 0.0054 159.835694 66.314070 
frameinfo 30 51582.25170272 135.909639 54.546717 46.769 197.224 0.0054 159.914385 66.214213 
frameinfo 31 51582.25211731 136.098143 54.649100 46.923 197.416 0.0054 159.991162 66.114376 
frameinfo 32 51582.25253201 136.287651 54.751218 47.078 197.607 0.0053 160.066087 66.014505 
frameinfo 33 51582.25294660 136.478066 54.853009 47.233 197.796 0.0053 160.139123 65.914655 
frameinfo 34 51582.25336130 136.669490 54.954531 47.390 197.984 0.0052 160.210361 65.814784 
frameinfo 35 51582.25377589 136.861835 55.055722 47.548 198.170 0.0052 160.279750 65.714940 
frameinfo 36 51582.25419048 137.055154 55.156607 47.706 198.354 0.0051 160.347344 65.615105 
frameinfo 37 51582.25460518 137.249504 55.257214 47.866 198.537 0.0051 160.413188 65.515255 
frameinfo 38 51582.25501977 137.444782 55.357483 48.026 198.719 0.0050 160.477272 65.415455 
frameinfo 39 51582.25543447 137.641109 55.457467 48.188 198.899 0.0050 160.539626 65.315641 
frameinfo 40 51582.25584906 137.838374 55.557107 48.350 199.077 0.0050 160.600260 65.215884 
frameinfo 41 51582.25626377 138.036697 55.656457 48.514 199.254 0.0049 160.659213 65.116124 
frameinfo 42 51582.25667835 138.235975 55.755457 48.679 199.430 0.0049 160.716467 65.016422 
frameinfo 43 51582.25709306 138.436315 55.854162 48.844 199.604 0.0048 160.772099 64.916732 
frameinfo 44 51582.25751285 138.640160 55.953744 49.013 199.779 0.0048 160.826723 64.815850 
frameinfo 45 51582.25795858 138.857740 56.059107 49.194 199.964 0.0048 160.882915 64.708787 
frameinfo 46 51582.25838867 139.068823 56.160411 49.369 200.140 0.0047 160.935379 64.605526 
frameinfo 47 51582.25880338 139.273403 56.257748 49.539 200.309 0.0047 160.984358 64.506011 
frameinfo 48 51582.25921796 139.478966 56.354718 49.710 200.476 0.0047 161.031763 64.406579 
frameinfo 49 51582.25963741 139.688008 56.452477 49.884 200.644 0.0046 161.078140 64.306033 
frameinfo 50 51582.26005212 139.895739 56.548784 50.057 200.809 0.0046 161.122465 64.206688 
frameinfo 51 51582.26046682 140.104533 56.644742 50.232 200.973 0.0045 161.165262 64.107400 
frameinfo 52 51582.26088141 140.314331 56.740322 50.407 201.135 0.0045 161.206552 64.008204 
frameinfo 53 51582.26129611 140.525249 56.835576 50.583 201.296 0.0045 161.246387 63.909054 
frameinfo 54 51582.26171070 140.737189 56.930444 50.761 201.456 0.0044 161.284729 63.809996 
frameinfo 55 51582.26212540 140.950267 57.024979 50.940 201.615 0.0044 161.321634 63.710985 
frameinfo 56 51582.26253998 141.164363 57.119125 51.119 201.772 0.0044 161.357109 63.612083 
frameinfo 57 51582.26295469 141.379615 57.212929 51.300 201.928 0.0043 161.391159 63.513228 
frameinfo 58 51582.26336927 141.595899 57.306337 51.482 202.084 0.0043 161.423801 63.414484 
