run                 1121                 # Imaging run number. 
cpu                 10                 # cpu ID
mjd		    51582		 # mjd
version		    /p/astroda/v14_11    # version of astroda

typedef struct {
    int       frame;          # Frame number. 
    double    mjd;            # MJD at time r' row 0 is clocked. (MJD = TAI/86400.0 for this mjd) 
    double    ra;             # Right ascension/longitude of boresight when r' row 0 is clocked. (degrees) 
    double    dec;            # Declination/latitude of boresight when r' row 0 is clocked. (degrees) 
    float     spa;            # Camera col position angle wrt north.  
                              # (degrees) 
    float     ipa;            # Instrument rotator position angle.  
                              # (degrees) 
    float     ipaRate;        # Instrument rotator angular velocity.  
                              # (deg/sec) 
    double    az;             # Azimuth (encoder) of telescope. (degrees) 
    double    alt;            # Altitude (encoder) of telescope.  
                              # (degrees) 
} FRAMEINFO;

frameinfo 8 51582.30169368 125.741645 0.000000 90.000 68.641 0.0000 334.298161 54.331995 
frameinfo 9 51582.30176486 125.767344 0.000000 90.000 68.641 0.0000 334.298168 54.331997 
frameinfo 10 51582.30217968 125.917117 0.000000 90.000 68.641 0.0000 334.298215 54.332012 
frameinfo 11 51582.30259427 126.066806 0.000000 90.000 68.641 0.0000 334.298264 54.332027 
frameinfo 12 51582.30300897 126.216537 0.000000 90.000 68.641 0.0000 334.298312 54.332043 
frameinfo 13 51582.30342842 126.367982 0.000000 90.000 68.642 0.0000 334.298360 54.332058 
frameinfo 14 51582.30384312 126.517713 0.000000 90.000 68.642 0.0000 334.298409 54.332073 
frameinfo 15 51582.30425771 126.667402 0.000000 90.000 68.642 0.0000 334.298456 54.332088 
frameinfo 16 51582.30467230 126.817091 0.000000 90.000 68.642 0.0000 334.298505 54.332103 
frameinfo 17 51582.30508700 126.966822 0.000000 90.000 68.642 0.0000 334.298553 54.332118 
frameinfo 18 51582.30550159 127.116512 0.000000 90.000 68.642 0.0000 334.298601 54.332133 
frameinfo 19 51582.30591629 127.266243 0.000000 90.000 68.642 0.0000 334.298649 54.332149 
frameinfo 20 51582.30633088 127.415932 11.912079 89.986 68.628 0.0000 334.298738 54.332173 
frameinfo 21 51582.30674558 127.565664 0.000000 89.986 68.628 0.0000 334.298786 54.332188 
frameinfo 22 51582.30716017 127.715353 0.000000 89.986 68.628 0.0000 334.298834 54.332203 
frameinfo 23 51582.30757487 127.865084 0.000000 89.986 68.628 0.0000 334.298882 54.332219 
frameinfo 24 51582.30799432 128.016529 0.000000 89.986 68.628 0.0000 334.298931 54.332234 
frameinfo 25 51582.30840902 128.166260 -0.919206 89.986 68.628 0.0000 334.298979 54.332249 
frameinfo 26 51582.30882361 128.315950 21.937965 89.986 68.628 0.0000 334.299027 54.332264 
frameinfo 27 51582.30923831 128.465681 0.000000 89.986 68.628 0.0000 334.299075 54.332279 
frameinfo 28 51582.30965290 128.615371 0.000000 89.986 68.628 0.0000 334.299123 54.332295 
frameinfo 29 51582.31006749 128.765061 -87.363999 89.986 68.628 0.0000 334.299171 54.332310 
frameinfo 30 51582.31048219 128.914793 0.000000 89.986 68.628 0.0000 334.299219 54.332325 
frameinfo 8 51582.30169368 125.741645 0.000000 90.000 68.641 0.0000 334.298161 54.331995 
frameinfo 9 51582.30176486 125.767344 0.000000 90.000 68.641 0.0000 334.298168 54.331997 
frameinfo 10 51582.30217968 125.917117 0.000000 90.000 68.641 0.0000 334.298215 54.332012 
frameinfo 11 51582.30259427 126.066806 0.000000 90.000 68.641 0.0000 334.298264 54.332027 
frameinfo 12 51582.30300897 126.216537 0.000000 90.000 68.641 0.0000 334.298312 54.332043 
frameinfo 13 51582.30342842 126.367982 0.000000 90.000 68.642 0.0000 334.298360 54.332058 
frameinfo 14 51582.30384312 126.517713 0.000000 90.000 68.642 0.0000 334.298409 54.332073 
frameinfo 15 51582.30425771 126.667402 0.000000 90.000 68.642 0.0000 334.298456 54.332088 
frameinfo 16 51582.30467230 126.817091 0.000000 90.000 68.642 0.0000 334.298505 54.332103 
frameinfo 17 51582.30508700 126.966822 0.000000 90.000 68.642 0.0000 334.298553 54.332118 
frameinfo 18 51582.30550159 127.116512 0.000000 90.000 68.642 0.0000 334.298601 54.332133 
frameinfo 19 51582.30591629 127.266243 0.000000 90.000 68.642 0.0000 334.298649 54.332149 
frameinfo 20 51582.30633088 127.415932 11.912079 89.986 68.628 0.0000 334.298738 54.332173 
frameinfo 21 51582.30674558 127.565664 0.000000 89.986 68.628 0.0000 334.298786 54.332188 
frameinfo 22 51582.30716017 127.715353 0.000000 89.986 68.628 0.0000 334.298834 54.332203 
frameinfo 23 51582.30757487 127.865084 0.000000 89.986 68.628 0.0000 334.298882 54.332219 
frameinfo 24 51582.30799432 128.016529 0.000000 89.986 68.628 0.0000 334.298931 54.332234 
frameinfo 25 51582.30840902 128.166260 -0.919206 89.986 68.628 0.0000 334.298979 54.332249 
frameinfo 26 51582.30882361 128.315950 21.937965 89.986 68.628 0.0000 334.299027 54.332264 
frameinfo 27 51582.30923831 128.465681 0.000000 89.986 68.628 0.0000 334.299075 54.332279 
frameinfo 28 51582.30965290 128.615371 0.000000 89.986 68.628 0.0000 334.299123 54.332295 
frameinfo 29 51582.31006749 128.765061 -87.363999 89.986 68.628 0.0000 334.299171 54.332310 
frameinfo 30 51582.31048219 128.914793 0.000000 89.986 68.628 0.0000 334.299219 54.332325 
frameinfo 8 51582.30169368 125.741645 0.000000 90.000 68.641 0.0000 334.298161 54.331995 
frameinfo 9 51582.30176486 125.767344 0.000000 90.000 68.641 0.0000 334.298168 54.331997 
frameinfo 10 51582.30217968 125.917117 0.000000 90.000 68.641 0.0000 334.298215 54.332012 
frameinfo 11 51582.30259427 126.066806 0.000000 90.000 68.641 0.0000 334.298264 54.332027 
frameinfo 12 51582.30300897 126.216537 0.000000 90.000 68.641 0.0000 334.298312 54.332043 
frameinfo 13 51582.30342842 126.367982 0.000000 90.000 68.642 0.0000 334.298360 54.332058 
frameinfo 14 51582.30384312 126.517713 0.000000 90.000 68.642 0.0000 334.298409 54.332073 
frameinfo 15 51582.30425771 126.667402 0.000000 90.000 68.642 0.0000 334.298456 54.332088 
frameinfo 16 51582.30467230 126.817091 0.000000 90.000 68.642 0.0000 334.298505 54.332103 
frameinfo 17 51582.30508700 126.966822 0.000000 90.000 68.642 0.0000 334.298553 54.332118 
frameinfo 18 51582.30550159 127.116512 0.000000 90.000 68.642 0.0000 334.298601 54.332133 
frameinfo 19 51582.30591629 127.266243 0.000000 90.000 68.642 0.0000 334.298649 54.332149 
frameinfo 20 51582.30633088 127.415932 11.912079 89.986 68.628 0.0000 334.298738 54.332173 
frameinfo 21 51582.30674558 127.565664 0.000000 89.986 68.628 0.0000 334.298786 54.332188 
frameinfo 22 51582.30716017 127.715353 0.000000 89.986 68.628 0.0000 334.298834 54.332203 
frameinfo 23 51582.30757487 127.865084 0.000000 89.986 68.628 0.0000 334.298882 54.332219 
frameinfo 24 51582.30799432 128.016529 0.000000 89.986 68.628 0.0000 334.298931 54.332234 
frameinfo 25 51582.30840902 128.166260 -0.919206 89.986 68.628 0.0000 334.298979 54.332249 
frameinfo 26 51582.30882361 128.315950 21.937965 89.986 68.628 0.0000 334.299027 54.332264 
frameinfo 27 51582.30923831 128.465681 0.000000 89.986 68.628 0.0000 334.299075 54.332279 
frameinfo 28 51582.30965290 128.615371 0.000000 89.986 68.628 0.0000 334.299123 54.332295 
frameinfo 29 51582.31006749 128.765061 -87.363999 89.986 68.628 0.0000 334.299171 54.332310 
frameinfo 30 51582.31048219 128.914793 0.000000 89.986 68.628 0.0000 334.299219 54.332325 
