run                 1119                 # Imaging run number. 
cpu                 1                 # cpu ID
mjd		    51582		 # mjd
version		    /p/astroda/v14_11    # version of astroda

typedef struct {
    int       frame;          # Frame number. 
    double    mjd;            # MJD at time r' row 0 is clocked. (MJD = TAI/86400.0 for this mjd) 
    double    ra;             # Right ascension/longitude of boresight when r' row 0 is clocked. (degrees) 
    double    dec;            # Declination/latitude of boresight when r' row 0 is clocked. (degrees) 
    float     spa;            # Camera col position angle wrt north.  
                              # (degrees) 
    float     ipa;            # Instrument rotator position angle.  
                              # (degrees) 
    float     ipaRate;        # Instrument rotator angular velocity.  
                              # (deg/sec) 
    double    az;             # Azimuth (encoder) of telescope. (degrees) 
    double    alt;            # Altitude (encoder) of telescope.  
                              # (degrees) 
} FRAMEINFO;

frameinfo 8 51582.24292400 132.131143 52.314236 43.734 192.730 0.0065 157.805184 68.318354 
frameinfo 9 51582.24334090 132.301783 52.422876 43.869 192.964 0.0064 157.928044 68.219207 
frameinfo 10 51582.24375572 132.472402 52.530729 44.004 193.194 0.0064 158.047883 68.120448 
frameinfo 11 51582.24417042 132.643813 52.638306 44.140 193.422 0.0063 158.165302 68.021610 
frameinfo 12 51582.24458500 132.816022 52.745604 44.277 193.648 0.0063 158.280324 67.922697 
frameinfo 13 51582.24499970 132.989124 52.852682 44.415 193.871 0.0062 158.393070 67.823670 
frameinfo 14 51582.24541429 133.163038 52.959476 44.554 194.093 0.0062 158.503462 67.724573 
frameinfo 15 51582.24582887 133.337812 53.066015 44.694 194.313 0.0061 158.611583 67.625393 
frameinfo 16 51582.24624357 133.513499 53.172327 44.834 194.530 0.0061 158.717497 67.526110 
frameinfo 17 51582.24665816 133.690006 53.278350 44.976 194.746 0.0060 158.821168 67.426785 
frameinfo 18 51582.24707286 133.867444 53.384139 45.118 194.960 0.0059 158.922661 67.327359 
frameinfo 19 51582.24748745 134.045709 53.489637 45.261 195.172 0.0059 159.021981 67.227905 
frameinfo 20 51582.24790215 134.224918 53.594896 45.405 195.382 0.0058 159.119166 67.128359 
frameinfo 21 51582.24831673 134.404971 53.699856 45.550 195.590 0.0058 159.214208 67.028788 
frameinfo 22 51582.24873143 134.585972 53.804575 45.696 195.797 0.0057 159.307192 66.929143 
frameinfo 23 51582.24914602 134.767824 53.908991 45.843 196.001 0.0057 159.398092 66.829486 
frameinfo 24 51582.24956072 134.950643 54.013160 45.991 196.204 0.0056 159.486960 66.729757 
frameinfo 25 51582.24997530 135.134322 54.117022 46.140 196.405 0.0056 159.573800 66.630028 
frameinfo 26 51582.25039000 135.318977 54.220630 46.289 196.604 0.0055 159.658661 66.530238 
frameinfo 27 51582.25080459 135.504510 54.323926 46.440 196.802 0.0055 159.741521 66.430449 
frameinfo 28 51582.25121929 135.691021 54.426967 46.591 196.998 0.0054 159.822475 66.330619 
frameinfo 29 51582.25163387 135.878425 54.529688 46.744 197.192 0.0054 159.901461 66.230793 
frameinfo 30 51582.25204846 136.066774 54.632118 46.897 197.385 0.0053 159.978543 66.130956 
frameinfo 31 51582.25246316 136.256124 54.734284 47.052 197.576 0.0053 160.053770 66.031084 
frameinfo 32 51582.25287774 136.446373 54.836125 47.207 197.765 0.0053 160.127127 65.931240 
frameinfo 33 51582.25329244 136.637643 54.937695 47.364 197.953 0.0052 160.198651 65.831363 
frameinfo 34 51582.25370703 136.829820 55.038936 47.521 198.139 0.0052 160.268352 65.731523 
frameinfo 35 51582.25412173 137.023028 55.139900 47.680 198.324 0.0051 160.336265 65.631661 
frameinfo 36 51582.25453632 137.217161 55.240529 47.839 198.507 0.0051 160.402379 65.531837 
frameinfo 37 51582.25495102 137.412332 55.340876 48.000 198.689 0.0050 160.466755 65.432001 
frameinfo 38 51582.25536560 137.608434 55.440884 48.161 198.869 0.0050 160.529393 65.332218 
frameinfo 39 51582.25578030 137.805590 55.540603 48.323 199.048 0.0050 160.590318 65.232426 
frameinfo 40 51582.25619489 138.003690 55.639977 48.487 199.225 0.0049 160.649531 65.132689 
frameinfo 41 51582.25660959 138.202850 55.739059 48.651 199.401 0.0049 160.707092 65.032959 
frameinfo 42 51582.25702417 138.402970 55.837788 48.817 199.575 0.0048 160.762963 64.933285 
frameinfo 43 51582.25743876 138.604104 55.936192 48.983 199.748 0.0048 160.817204 64.833653 
frameinfo 44 51582.25788448 138.821485 56.041618 49.164 199.933 0.0048 160.873705 64.726583 
frameinfo 45 51582.25831990 139.034992 56.144236 49.341 200.112 0.0047 160.927110 64.622037 
frameinfo 46 51582.25873448 139.239344 56.241600 49.511 200.281 0.0047 160.976330 64.522541 
frameinfo 47 51582.25914918 139.444794 56.338653 49.681 200.448 0.0047 161.023997 64.423068 
frameinfo 48 51582.25956377 139.651226 56.435339 49.853 200.615 0.0046 161.070116 64.323684 
frameinfo 49 51582.25998333 139.861213 56.532833 50.028 200.782 0.0046 161.115210 64.223159 
frameinfo 50 51582.26039792 140.069766 56.628824 50.203 200.945 0.0046 161.158262 64.123894 
frameinfo 51 51582.26081262 140.279445 56.724488 50.378 201.108 0.0045 161.199809 64.024660 
frameinfo 52 51582.26122720 140.490128 56.819774 50.554 201.269 0.0045 161.239872 63.925524 
frameinfo 53 51582.26164190 140.701950 56.914727 50.731 201.429 0.0045 161.278463 63.826425 
frameinfo 54 51582.26205649 140.914785 57.009296 50.910 201.588 0.0044 161.315606 63.727433 
frameinfo 55 51582.26247119 141.128766 57.103527 51.089 201.746 0.0044 161.351313 63.628486 
frameinfo 56 51582.26288578 141.343769 57.197368 51.270 201.903 0.0044 161.385603 63.529650 
frameinfo 57 51582.26330048 141.559933 57.290863 51.452 202.058 0.0043 161.418482 63.430864 
frameinfo 8 51582.24292400 132.131143 52.314236 43.734 192.730 0.0065 157.805184 68.318354 
frameinfo 9 51582.24334090 132.301783 52.422876 43.869 192.964 0.0064 157.928044 68.219207 
frameinfo 10 51582.24375572 132.472402 52.530729 44.004 193.194 0.0064 158.047883 68.120448 
frameinfo 11 51582.24417042 132.643813 52.638306 44.140 193.422 0.0063 158.165302 68.021610 
frameinfo 12 51582.24458500 132.816022 52.745604 44.277 193.648 0.0063 158.280324 67.922697 
frameinfo 13 51582.24499970 132.989124 52.852682 44.415 193.871 0.0062 158.393070 67.823670 
frameinfo 14 51582.24541429 133.163038 52.959476 44.554 194.093 0.0062 158.503462 67.724573 
frameinfo 15 51582.24582887 133.337812 53.066015 44.694 194.313 0.0061 158.611583 67.625393 
frameinfo 16 51582.24624357 133.513499 53.172327 44.834 194.530 0.0061 158.717497 67.526110 
frameinfo 17 51582.24665816 133.690006 53.278350 44.976 194.746 0.0060 158.821168 67.426785 
frameinfo 18 51582.24707286 133.867444 53.384139 45.118 194.960 0.0059 158.922661 67.327359 
frameinfo 19 51582.24748745 134.045709 53.489637 45.261 195.172 0.0059 159.021981 67.227905 
frameinfo 20 51582.24790215 134.224918 53.594896 45.405 195.382 0.0058 159.119166 67.128359 
frameinfo 21 51582.24831673 134.404971 53.699856 45.550 195.590 0.0058 159.214208 67.028788 
frameinfo 22 51582.24873143 134.585972 53.804575 45.696 195.797 0.0057 159.307192 66.929143 
frameinfo 23 51582.24914602 134.767824 53.908991 45.843 196.001 0.0057 159.398092 66.829486 
frameinfo 24 51582.24956072 134.950643 54.013160 45.991 196.204 0.0056 159.486960 66.729757 
frameinfo 25 51582.24997530 135.134322 54.117022 46.140 196.405 0.0056 159.573800 66.630028 
frameinfo 26 51582.25039000 135.318977 54.220630 46.289 196.604 0.0055 159.658661 66.530238 
frameinfo 27 51582.25080459 135.504510 54.323926 46.440 196.802 0.0055 159.741521 66.430449 
frameinfo 28 51582.25121929 135.691021 54.426967 46.591 196.998 0.0054 159.822475 66.330619 
frameinfo 29 51582.25163387 135.878425 54.529688 46.744 197.192 0.0054 159.901461 66.230793 
frameinfo 30 51582.25204846 136.066774 54.632118 46.897 197.385 0.0053 159.978543 66.130956 
frameinfo 31 51582.25246316 136.256124 54.734284 47.052 197.576 0.0053 160.053770 66.031084 
frameinfo 32 51582.25287774 136.446373 54.836125 47.207 197.765 0.0053 160.127127 65.931240 
frameinfo 33 51582.25329244 136.637643 54.937695 47.364 197.953 0.0052 160.198651 65.831363 
frameinfo 34 51582.25370703 136.829820 55.038936 47.521 198.139 0.0052 160.268352 65.731523 
frameinfo 35 51582.25412173 137.023028 55.139900 47.680 198.324 0.0051 160.336265 65.631661 
frameinfo 36 51582.25453632 137.217161 55.240529 47.839 198.507 0.0051 160.402379 65.531837 
frameinfo 37 51582.25495102 137.412332 55.340876 48.000 198.689 0.0050 160.466755 65.432001 
frameinfo 38 51582.25536560 137.608434 55.440884 48.161 198.869 0.0050 160.529393 65.332218 
frameinfo 39 51582.25578030 137.805590 55.540603 48.323 199.048 0.0050 160.590318 65.232426 
frameinfo 40 51582.25619489 138.003690 55.639977 48.487 199.225 0.0049 160.649531 65.132689 
frameinfo 41 51582.25660959 138.202850 55.739059 48.651 199.401 0.0049 160.707092 65.032959 
frameinfo 42 51582.25702417 138.402970 55.837788 48.817 199.575 0.0048 160.762963 64.933285 
frameinfo 43 51582.25743876 138.604104 55.936192 48.983 199.748 0.0048 160.817204 64.833653 
frameinfo 44 51582.25788448 138.821485 56.041618 49.164 199.933 0.0048 160.873705 64.726583 
frameinfo 45 51582.25831990 139.034992 56.144236 49.341 200.112 0.0047 160.927110 64.622037 
frameinfo 46 51582.25873448 139.239344 56.241600 49.511 200.281 0.0047 160.976330 64.522541 
frameinfo 47 51582.25914918 139.444794 56.338653 49.681 200.448 0.0047 161.023997 64.423068 
frameinfo 48 51582.25956377 139.651226 56.435339 49.853 200.615 0.0046 161.070116 64.323684 
frameinfo 49 51582.25998333 139.861213 56.532833 50.028 200.782 0.0046 161.115210 64.223159 
frameinfo 50 51582.26039792 140.069766 56.628824 50.203 200.945 0.0046 161.158262 64.123894 
frameinfo 51 51582.26081262 140.279445 56.724488 50.378 201.108 0.0045 161.199809 64.024660 
frameinfo 52 51582.26122720 140.490128 56.819774 50.554 201.269 0.0045 161.239872 63.925524 
frameinfo 53 51582.26164190 140.701950 56.914727 50.731 201.429 0.0045 161.278463 63.826425 
frameinfo 54 51582.26205649 140.914785 57.009296 50.910 201.588 0.0044 161.315606 63.727433 
frameinfo 55 51582.26247119 141.128766 57.103527 51.089 201.746 0.0044 161.351313 63.628486 
frameinfo 56 51582.26288578 141.343769 57.197368 51.270 201.903 0.0044 161.385603 63.529650 
frameinfo 57 51582.26330048 141.559933 57.290863 51.452 202.058 0.0043 161.418482 63.430864 
frameinfo 8 51582.24292400 132.131143 52.314236 43.734 192.730 0.0065 157.805184 68.318354 
frameinfo 9 51582.24334090 132.301783 52.422876 43.869 192.964 0.0064 157.928044 68.219207 
frameinfo 10 51582.24375572 132.472402 52.530729 44.004 193.194 0.0064 158.047883 68.120448 
frameinfo 11 51582.24417042 132.643813 52.638306 44.140 193.422 0.0063 158.165302 68.021610 
frameinfo 12 51582.24458500 132.816022 52.745604 44.277 193.648 0.0063 158.280324 67.922697 
frameinfo 13 51582.24499970 132.989124 52.852682 44.415 193.871 0.0062 158.393070 67.823670 
frameinfo 14 51582.24541429 133.163038 52.959476 44.554 194.093 0.0062 158.503462 67.724573 
frameinfo 15 51582.24582887 133.337812 53.066015 44.694 194.313 0.0061 158.611583 67.625393 
frameinfo 16 51582.24624357 133.513499 53.172327 44.834 194.530 0.0061 158.717497 67.526110 
frameinfo 17 51582.24665816 133.690006 53.278350 44.976 194.746 0.0060 158.821168 67.426785 
frameinfo 18 51582.24707286 133.867444 53.384139 45.118 194.960 0.0059 158.922661 67.327359 
frameinfo 19 51582.24748745 134.045709 53.489637 45.261 195.172 0.0059 159.021981 67.227905 
frameinfo 20 51582.24790215 134.224918 53.594896 45.405 195.382 0.0058 159.119166 67.128359 
frameinfo 21 51582.24831673 134.404971 53.699856 45.550 195.590 0.0058 159.214208 67.028788 
frameinfo 22 51582.24873143 134.585972 53.804575 45.696 195.797 0.0057 159.307192 66.929143 
frameinfo 23 51582.24914602 134.767824 53.908991 45.843 196.001 0.0057 159.398092 66.829486 
frameinfo 24 51582.24956072 134.950643 54.013160 45.991 196.204 0.0056 159.486960 66.729757 
frameinfo 25 51582.24997530 135.134322 54.117022 46.140 196.405 0.0056 159.573800 66.630028 
frameinfo 26 51582.25039000 135.318977 54.220630 46.289 196.604 0.0055 159.658661 66.530238 
frameinfo 27 51582.25080459 135.504510 54.323926 46.440 196.802 0.0055 159.741521 66.430449 
frameinfo 28 51582.25121929 135.691021 54.426967 46.591 196.998 0.0054 159.822475 66.330619 
frameinfo 29 51582.25163387 135.878425 54.529688 46.744 197.192 0.0054 159.901461 66.230793 
frameinfo 30 51582.25204846 136.066774 54.632118 46.897 197.385 0.0053 159.978543 66.130956 
frameinfo 31 51582.25246316 136.256124 54.734284 47.052 197.576 0.0053 160.053770 66.031084 
frameinfo 32 51582.25287774 136.446373 54.836125 47.207 197.765 0.0053 160.127127 65.931240 
frameinfo 33 51582.25329244 136.637643 54.937695 47.364 197.953 0.0052 160.198651 65.831363 
frameinfo 34 51582.25370703 136.829820 55.038936 47.521 198.139 0.0052 160.268352 65.731523 
frameinfo 35 51582.25412173 137.023028 55.139900 47.680 198.324 0.0051 160.336265 65.631661 
frameinfo 36 51582.25453632 137.217161 55.240529 47.839 198.507 0.0051 160.402379 65.531837 
frameinfo 37 51582.25495102 137.412332 55.340876 48.000 198.689 0.0050 160.466755 65.432001 
frameinfo 38 51582.25536560 137.608434 55.440884 48.161 198.869 0.0050 160.529393 65.332218 
frameinfo 39 51582.25578030 137.805590 55.540603 48.323 199.048 0.0050 160.590318 65.232426 
frameinfo 40 51582.25619489 138.003690 55.639977 48.487 199.225 0.0049 160.649531 65.132689 
frameinfo 41 51582.25660959 138.202850 55.739059 48.651 199.401 0.0049 160.707092 65.032959 
frameinfo 42 51582.25702417 138.402970 55.837788 48.817 199.575 0.0048 160.762963 64.933285 
frameinfo 43 51582.25743876 138.604104 55.936192 48.983 199.748 0.0048 160.817204 64.833653 
frameinfo 44 51582.25788448 138.821485 56.041618 49.164 199.933 0.0048 160.873705 64.726583 
frameinfo 45 51582.25831990 139.034992 56.144236 49.341 200.112 0.0047 160.927110 64.622037 
frameinfo 46 51582.25873448 139.239344 56.241600 49.511 200.281 0.0047 160.976330 64.522541 
frameinfo 47 51582.25914918 139.444794 56.338653 49.681 200.448 0.0047 161.023997 64.423068 
frameinfo 48 51582.25956377 139.651226 56.435339 49.853 200.615 0.0046 161.070116 64.323684 
frameinfo 49 51582.25998333 139.861213 56.532833 50.028 200.782 0.0046 161.115210 64.223159 
frameinfo 50 51582.26039792 140.069766 56.628824 50.203 200.945 0.0046 161.158262 64.123894 
frameinfo 51 51582.26081262 140.279445 56.724488 50.378 201.108 0.0045 161.199809 64.024660 
frameinfo 52 51582.26122720 140.490128 56.819774 50.554 201.269 0.0045 161.239872 63.925524 
frameinfo 53 51582.26164190 140.701950 56.914727 50.731 201.429 0.0045 161.278463 63.826425 
frameinfo 54 51582.26205649 140.914785 57.009296 50.910 201.588 0.0044 161.315606 63.727433 
frameinfo 55 51582.26247119 141.128766 57.103527 51.089 201.746 0.0044 161.351313 63.628486 
frameinfo 56 51582.26288578 141.343769 57.197368 51.270 201.903 0.0044 161.385603 63.529650 
frameinfo 57 51582.26330048 141.559933 57.290863 51.452 202.058 0.0043 161.418482 63.430864 
