run                 1122                 # Imaging run number. 
cpu                 10                 # cpu ID
mjd		    51582		 # mjd
version		    /p/astroda/v14_11    # version of astroda

typedef struct {
    int       frame;          # Frame number. 
    double    mjd;            # MJD at time r' row 0 is clocked. (MJD = TAI/86400.0 for this mjd) 
    double    ra;             # Right ascension/longitude of boresight when r' row 0 is clocked. (degrees) 
    double    dec;            # Declination/latitude of boresight when r' row 0 is clocked. (degrees) 
    float     spa;            # Camera col position angle wrt north.  
                              # (degrees) 
    float     ipa;            # Instrument rotator position angle.  
                              # (degrees) 
    float     ipaRate;        # Instrument rotator angular velocity.  
                              # (deg/sec) 
    double    az;             # Azimuth (encoder) of telescope. (degrees) 
    double    alt;            # Altitude (encoder) of telescope.  
                              # (degrees) 
} FRAMEINFO;

frameinfo 8 51582.31271670 125.301983 0.000000 90.000 63.190 0.0000 327.520947 52.529567 
frameinfo 9 51582.31278800 125.327724 -1.435795 90.000 63.190 0.0000 327.520953 52.529569 
frameinfo 10 51582.31320282 125.477498 0.000000 90.000 63.190 0.0000 327.520999 52.529588 
frameinfo 11 51582.31361740 125.627189 0.000000 90.000 63.190 0.0000 327.521045 52.529606 
frameinfo 12 51582.31403199 125.776879 0.000000 90.000 63.190 0.0000 327.521091 52.529625 
frameinfo 13 51582.31444669 125.926611 0.033857 90.000 63.190 0.0000 327.521136 52.529643 
frameinfo 14 51582.31486128 126.076302 0.000000 90.000 63.190 0.0000 327.521182 52.529661 
frameinfo 15 51582.31527598 126.226035 34.911160 90.000 63.190 0.0000 327.521228 52.529680 
frameinfo 16 51582.31569057 126.375725 0.000000 90.000 63.190 0.0000 327.521273 52.529698 
frameinfo 17 51582.31610527 126.525457 0.000000 90.000 63.190 0.0000 327.521319 52.529717 
frameinfo 18 51582.31651986 126.675148 0.000000 90.000 63.190 0.0000 327.521365 52.529735 
frameinfo 19 51582.31693456 126.824880 0.000000 90.000 63.190 0.0000 327.521411 52.529753 
frameinfo 20 51582.31734915 126.974570 0.000000 90.000 63.190 0.0000 327.521456 52.529772 
frameinfo 21 51582.31776385 127.124302 7.138614 90.000 63.190 0.0000 327.521502 52.529790 
frameinfo 22 51582.31817843 127.273992 0.000000 90.000 63.190 0.0000 327.521548 52.529809 
frameinfo 23 51582.31859313 127.423725 0.000000 90.000 63.190 0.0000 327.521594 52.529827 
frameinfo 24 51582.31900772 127.573415 33.011109 90.000 63.190 0.0000 327.521640 52.529846 
frameinfo 25 51582.31942230 127.723106 0.000000 90.000 63.191 0.0000 327.521685 52.529864 
frameinfo 26 51582.31983701 127.872838 0.000000 90.000 63.191 0.0000 327.521731 52.529882 
frameinfo 27 51582.32025159 128.022529 -30.928814 90.000 63.191 0.0000 327.521777 52.529901 
frameinfo 28 51582.32066629 128.172261 0.000000 90.000 63.191 0.0000 327.521822 52.529919 
frameinfo 29 51582.32108100 128.321994 0.000000 90.000 63.191 0.0000 327.521868 52.529938 
frameinfo 30 51582.32149558 128.471685 0.000000 90.000 63.191 0.0000 327.521914 52.529956 
frameinfo 31 51582.32191017 128.621376 0.000000 90.000 63.191 0.0000 327.521959 52.529975 
frameinfo 32 51582.32232475 128.771067 0.000000 90.000 63.191 0.0000 327.522005 52.529993 
frameinfo 33 51582.32273946 128.920800 0.000000 90.000 63.191 0.0000 327.522051 52.530012 
frameinfo 34 51582.32315404 129.070492 0.000000 90.000 63.191 0.0000 327.522096 52.530030 
frameinfo 35 51582.32356875 129.220225 0.000000 90.000 63.191 0.0000 327.522142 52.530048 
frameinfo 36 51582.32398333 129.369916 0.000000 90.000 63.191 0.0000 327.522188 52.530067 
frameinfo 37 51582.32439804 129.519649 0.000000 90.000 63.191 0.0000 327.522234 52.530085 
frameinfo 38 51582.32481262 129.669341 0.000000 90.000 63.191 0.0000 327.522279 52.530104 
frameinfo 39 51582.32522733 129.819074 -64.122873 90.000 63.191 0.0000 327.522325 52.530122 
frameinfo 40 51582.32564191 129.968766 0.000000 90.000 63.191 0.0000 327.522371 52.530141 
frameinfo 41 51582.32605662 130.118500 0.000000 90.000 63.191 0.0000 327.522417 52.530159 
frameinfo 42 51582.32647120 130.268192 0.000000 90.000 63.191 0.0000 327.522462 52.530178 
frameinfo 43 51582.32688579 130.417884 0.000000 90.000 63.191 0.0000 327.522508 52.530196 
frameinfo 44 51582.32730050 130.567618 0.000000 90.000 63.191 0.0000 327.522554 52.530215 
frameinfo 45 51582.32771508 130.717310 79.278491 90.000 63.191 0.0000 327.522599 52.530233 
frameinfo 46 51582.32812979 130.867044 0.000000 90.000 63.191 0.0000 327.522645 52.530252 
frameinfo 47 51582.32854438 131.016736 0.000000 90.000 63.191 0.0000 327.522691 52.530270 
frameinfo 48 51582.32895908 131.166470 0.000000 90.000 63.191 0.0000 327.522736 52.530289 
frameinfo 49 51582.32937367 131.316162 0.000000 90.000 63.191 0.0000 327.522782 52.530307 
frameinfo 50 51582.32978837 131.465896 0.000000 90.000 63.191 0.0000 327.522828 52.530326 
frameinfo 51 51582.33020296 131.615588 -32.619589 90.000 63.191 0.0000 327.522873 52.530344 
frameinfo 52 51582.33061755 131.765281 0.000000 90.000 63.191 0.0000 327.522919 52.530363 
frameinfo 53 51582.33103225 131.915015 0.000000 90.000 63.191 0.0000 327.522965 52.530381 
frameinfo 54 51582.33144684 132.064707 81.876941 90.000 63.192 0.0000 327.523010 52.530400 
frameinfo 55 51582.33186154 132.214441 0.000000 90.000 63.192 0.0000 327.523056 52.530418 
frameinfo 56 51582.33227613 132.364133 0.000000 90.000 63.192 0.0000 327.523102 52.530437 
frameinfo 57 51582.33269083 132.513868 -18.628656 90.000 63.192 0.0000 327.523147 52.530455 
frameinfo 58 51582.33310542 132.663560 0.000000 90.000 63.192 0.0000 327.523193 52.530474 
frameinfo 59 51582.33352012 132.813294 0.000000 90.000 63.192 0.0000 327.523239 52.530493 
frameinfo 60 51582.33393471 132.962986 53.888980 90.000 63.192 0.0000 327.523284 52.530511 
frameinfo 61 51582.33434941 133.112721 0.000000 90.000 63.192 0.0000 327.523330 52.530530 
frameinfo 62 51582.33476400 133.262413 0.000000 90.000 63.192 0.0000 327.523376 52.530548 
frameinfo 63 51582.33517859 133.412105 0.000000 90.000 63.192 0.0000 327.523421 52.530567 
frameinfo 64 51582.33559329 133.561840 0.000000 90.000 63.192 0.0000 327.523467 52.530585 
frameinfo 65 51582.33600788 133.711532 0.000000 90.000 63.192 0.0000 327.523512 52.530604 
frameinfo 66 51582.33642258 133.861267 0.000000 90.000 63.192 0.0000 327.523558 52.530622 
frameinfo 67 51582.33683717 134.010959 -37.072190 90.000 63.192 0.0000 327.523604 52.530641 
frameinfo 68 51582.33725187 134.160693 0.000000 90.000 63.192 0.0000 327.523649 52.530659 
frameinfo 69 51582.33766645 134.310386 0.000000 90.000 63.192 0.0000 327.523695 52.530678 
frameinfo 70 51582.33808116 134.460120 0.000000 90.000 63.192 0.0000 327.523741 52.530696 
frameinfo 71 51582.33849574 134.609813 0.000000 90.000 63.192 0.0000 327.523786 52.530715 
frameinfo 72 51582.33891033 134.759505 0.000000 90.000 63.192 0.0000 327.523832 52.530734 
frameinfo 73 51582.33932503 134.909240 -54.659961 90.000 63.192 0.0000 327.523878 52.530752 
frameinfo 74 51582.33973962 135.058932 0.000000 90.000 63.192 0.0000 327.523923 52.530771 
frameinfo 75 51582.34015432 135.208666 0.000000 90.000 63.192 0.0000 327.523969 52.530789 
frameinfo 76 51582.34056890 135.358359 0.000000 90.000 63.192 0.0000 327.524014 52.530808 
frameinfo 77 51582.34098361 135.508094 0.000000 90.000 63.192 0.0000 327.524060 52.530826 
frameinfo 78 51582.34139819 135.657786 0.000000 90.000 63.192 0.0000 327.524106 52.530845 
frameinfo 79 51582.34181289 135.807521 0.000000 90.000 63.192 0.0000 327.524151 52.530864 
frameinfo 80 51582.34222748 135.957214 0.000000 90.000 63.192 0.0000 327.524197 52.530882 
frameinfo 81 51582.34264207 136.106907 0.000000 90.000 63.192 0.0000 327.524243 52.530901 
frameinfo 82 51582.34305677 136.256641 0.000000 90.000 63.193 0.0000 327.524288 52.530919 
frameinfo 83 51582.34347136 136.406334 0.000000 90.000 63.193 0.0000 327.524334 52.530938 
frameinfo 84 51582.34388606 136.556069 -29.360571 90.000 63.193 0.0000 327.524379 52.530957 
frameinfo 85 51582.34430064 136.705762 0.000000 90.000 63.193 0.0000 327.524425 52.530975 
frameinfo 86 51582.34471535 136.855497 0.000000 90.000 63.193 0.0000 327.524471 52.530994 
frameinfo 87 51582.34512993 137.005191 0.000000 90.000 63.193 0.0000 327.524516 52.531012 
frameinfo 88 51582.34554464 137.154926 0.000000 90.000 63.193 0.0000 327.524562 52.531031 
frameinfo 89 51582.34595922 137.304619 0.000000 90.000 63.193 0.0000 327.524608 52.531049 
frameinfo 90 51582.34637393 137.454355 0.000000 90.000 63.193 0.0000 327.524653 52.531068 
frameinfo 91 51582.34678851 137.604048 0.000000 90.000 63.193 0.0000 327.524699 52.531087 
frameinfo 92 51582.34720310 137.753742 0.000000 90.000 63.193 0.0000 327.524744 52.531105 
frameinfo 93 51582.34761781 137.903478 0.000000 90.000 63.193 0.0000 327.524790 52.531124 
frameinfo 94 51582.34803240 138.053172 0.000000 90.000 63.193 0.0000 327.524836 52.531142 
frameinfo 95 51582.34844710 138.202908 0.000000 90.000 63.193 0.0000 327.524881 52.531161 
frameinfo 96 51582.34886169 138.352602 0.000000 90.000 63.193 0.0000 327.524927 52.531180 
frameinfo 97 51582.34927639 138.502338 0.000000 90.000 63.193 0.0000 327.524972 52.531198 
frameinfo 98 51582.34969098 138.652032 0.000000 90.000 63.193 0.0000 327.525018 52.531217 
frameinfo 99 51582.35010568 138.801769 82.870163 90.000 63.193 0.0000 327.525064 52.531235 
frameinfo 100 51582.35052027 138.951463 0.000000 90.000 63.193 0.0000 327.525109 52.531254 
frameinfo 101 51582.35093486 139.101157 0.000000 90.000 63.193 0.0000 327.525155 52.531273 
frameinfo 102 51582.35134956 139.250893 0.000000 90.000 63.193 0.0000 327.525200 52.531291 
frameinfo 103 51582.35176415 139.400587 0.000000 90.000 63.193 0.0000 327.525246 52.531310 
frameinfo 104 51582.35217885 139.550323 0.000000 90.000 63.193 0.0000 327.525292 52.531329 
frameinfo 105 51582.35259344 139.700017 0.000000 90.000 63.193 0.0000 327.525337 52.531347 
frameinfo 106 51582.35300814 139.849753 62.980670 90.000 63.193 0.0000 327.525383 52.531366 
frameinfo 107 51582.35342273 139.999447 0.000000 90.000 63.193 0.0000 327.525428 52.531384 
frameinfo 108 51582.35383743 140.149183 0.000000 90.000 63.193 0.0000 327.525474 52.531403 
frameinfo 109 51582.35425202 140.298877 11.010971 90.000 63.193 0.0000 327.525520 52.531422 
frameinfo 110 51582.35466672 140.448613 0.000000 90.000 63.194 0.0000 327.525565 52.531440 
frameinfo 111 51582.35508131 140.598308 0.000000 90.000 63.194 0.0000 327.525611 52.531459 
frameinfo 112 51582.35549590 140.748002 0.000000 90.000 63.194 0.0000 327.525656 52.531477 
frameinfo 113 51582.35591060 140.897737 0.000000 90.000 63.194 0.0000 327.525702 52.531496 
frameinfo 114 51582.35632519 141.047432 0.000000 90.000 63.194 0.0000 327.525748 52.531515 
frameinfo 115 51582.35673989 141.197167 0.000000 90.000 63.194 0.0000 327.525793 52.531533 
frameinfo 116 51582.35715447 141.346862 0.000000 90.000 63.194 0.0000 327.525839 52.531552 
frameinfo 117 51582.35756918 141.496598 0.000000 90.000 63.194 0.0000 327.525884 52.531571 
frameinfo 118 51582.35798376 141.646292 75.073256 90.000 63.194 0.0000 327.525930 52.531589 
frameinfo 119 51582.35839846 141.796028 0.000000 90.000 63.194 0.0000 327.525975 52.531608 
frameinfo 120 51582.35881305 141.945722 -0.060856 90.000 63.194 0.0000 327.526021 52.531627 
frameinfo 121 51582.35922764 142.095416 0.000000 90.000 63.194 0.0000 327.526066 52.531645 
frameinfo 122 51582.35964234 142.245152 0.000000 90.000 63.194 0.0000 327.526112 52.531664 
frameinfo 123 51582.36005692 142.394847 0.000000 90.000 63.194 0.0000 327.526158 52.531682 
frameinfo 124 51582.36047163 142.544583 -47.811031 90.000 63.194 0.0000 327.526203 52.531701 
frameinfo 125 51582.36088621 142.694277 0.000000 90.000 63.194 0.0000 327.526249 52.531720 
frameinfo 126 51582.36130092 142.844014 0.000000 90.000 63.194 0.0000 327.526295 52.531738 
frameinfo 127 51582.36171550 142.993709 0.000000 90.000 63.194 0.0000 327.526340 52.531757 
frameinfo 128 51582.36213020 143.143445 0.000000 90.000 63.194 0.0000 327.526386 52.531776 
frameinfo 129 51582.36254479 143.293140 0.000000 90.000 63.194 0.0000 327.526431 52.531794 
frameinfo 130 51582.36295949 143.442877 -8.269772 90.000 63.194 0.0000 327.526477 52.531813 
frameinfo 131 51582.36337408 143.592572 0.000000 90.000 63.194 0.0000 327.526522 52.531831 
frameinfo 132 51582.36378867 143.742267 0.000000 90.000 63.194 0.0000 327.526568 52.531850 
frameinfo 8 51582.31271670 125.301983 0.000000 90.000 63.190 0.0000 327.520947 52.529567 
frameinfo 9 51582.31278800 125.327724 -1.435795 90.000 63.190 0.0000 327.520953 52.529569 
frameinfo 10 51582.31320282 125.477498 0.000000 90.000 63.190 0.0000 327.520999 52.529588 
frameinfo 11 51582.31361740 125.627189 0.000000 90.000 63.190 0.0000 327.521045 52.529606 
frameinfo 12 51582.31403199 125.776879 0.000000 90.000 63.190 0.0000 327.521091 52.529625 
frameinfo 13 51582.31444669 125.926611 0.033857 90.000 63.190 0.0000 327.521136 52.529643 
frameinfo 14 51582.31486128 126.076302 0.000000 90.000 63.190 0.0000 327.521182 52.529661 
frameinfo 15 51582.31527598 126.226035 34.911160 90.000 63.190 0.0000 327.521228 52.529680 
frameinfo 16 51582.31569057 126.375725 0.000000 90.000 63.190 0.0000 327.521273 52.529698 
frameinfo 17 51582.31610527 126.525457 0.000000 90.000 63.190 0.0000 327.521319 52.529717 
frameinfo 18 51582.31651986 126.675148 0.000000 90.000 63.190 0.0000 327.521365 52.529735 
frameinfo 19 51582.31693456 126.824880 0.000000 90.000 63.190 0.0000 327.521411 52.529753 
frameinfo 20 51582.31734915 126.974570 0.000000 90.000 63.190 0.0000 327.521456 52.529772 
frameinfo 21 51582.31776385 127.124302 7.138614 90.000 63.190 0.0000 327.521502 52.529790 
frameinfo 22 51582.31817843 127.273992 0.000000 90.000 63.190 0.0000 327.521548 52.529809 
frameinfo 23 51582.31859313 127.423725 0.000000 90.000 63.190 0.0000 327.521594 52.529827 
frameinfo 24 51582.31900772 127.573415 33.011109 90.000 63.190 0.0000 327.521640 52.529846 
frameinfo 25 51582.31942230 127.723106 0.000000 90.000 63.191 0.0000 327.521685 52.529864 
frameinfo 26 51582.31983701 127.872838 0.000000 90.000 63.191 0.0000 327.521731 52.529882 
frameinfo 27 51582.32025159 128.022529 -30.928814 90.000 63.191 0.0000 327.521777 52.529901 
frameinfo 28 51582.32066629 128.172261 0.000000 90.000 63.191 0.0000 327.521822 52.529919 
frameinfo 29 51582.32108100 128.321994 0.000000 90.000 63.191 0.0000 327.521868 52.529938 
frameinfo 30 51582.32149558 128.471685 0.000000 90.000 63.191 0.0000 327.521914 52.529956 
frameinfo 31 51582.32191017 128.621376 0.000000 90.000 63.191 0.0000 327.521959 52.529975 
frameinfo 32 51582.32232475 128.771067 0.000000 90.000 63.191 0.0000 327.522005 52.529993 
frameinfo 33 51582.32273946 128.920800 0.000000 90.000 63.191 0.0000 327.522051 52.530012 
frameinfo 34 51582.32315404 129.070492 0.000000 90.000 63.191 0.0000 327.522096 52.530030 
frameinfo 35 51582.32356875 129.220225 0.000000 90.000 63.191 0.0000 327.522142 52.530048 
frameinfo 36 51582.32398333 129.369916 0.000000 90.000 63.191 0.0000 327.522188 52.530067 
frameinfo 37 51582.32439804 129.519649 0.000000 90.000 63.191 0.0000 327.522234 52.530085 
frameinfo 38 51582.32481262 129.669341 0.000000 90.000 63.191 0.0000 327.522279 52.530104 
frameinfo 39 51582.32522733 129.819074 -64.122873 90.000 63.191 0.0000 327.522325 52.530122 
frameinfo 40 51582.32564191 129.968766 0.000000 90.000 63.191 0.0000 327.522371 52.530141 
frameinfo 41 51582.32605662 130.118500 0.000000 90.000 63.191 0.0000 327.522417 52.530159 
frameinfo 42 51582.32647120 130.268192 0.000000 90.000 63.191 0.0000 327.522462 52.530178 
frameinfo 43 51582.32688579 130.417884 0.000000 90.000 63.191 0.0000 327.522508 52.530196 
frameinfo 44 51582.32730050 130.567618 0.000000 90.000 63.191 0.0000 327.522554 52.530215 
frameinfo 45 51582.32771508 130.717310 79.278491 90.000 63.191 0.0000 327.522599 52.530233 
frameinfo 46 51582.32812979 130.867044 0.000000 90.000 63.191 0.0000 327.522645 52.530252 
frameinfo 47 51582.32854438 131.016736 0.000000 90.000 63.191 0.0000 327.522691 52.530270 
frameinfo 48 51582.32895908 131.166470 0.000000 90.000 63.191 0.0000 327.522736 52.530289 
frameinfo 49 51582.32937367 131.316162 0.000000 90.000 63.191 0.0000 327.522782 52.530307 
frameinfo 50 51582.32978837 131.465896 0.000000 90.000 63.191 0.0000 327.522828 52.530326 
frameinfo 51 51582.33020296 131.615588 -32.619589 90.000 63.191 0.0000 327.522873 52.530344 
frameinfo 52 51582.33061755 131.765281 0.000000 90.000 63.191 0.0000 327.522919 52.530363 
frameinfo 53 51582.33103225 131.915015 0.000000 90.000 63.191 0.0000 327.522965 52.530381 
frameinfo 54 51582.33144684 132.064707 81.876941 90.000 63.192 0.0000 327.523010 52.530400 
frameinfo 55 51582.33186154 132.214441 0.000000 90.000 63.192 0.0000 327.523056 52.530418 
frameinfo 56 51582.33227613 132.364133 0.000000 90.000 63.192 0.0000 327.523102 52.530437 
frameinfo 57 51582.33269083 132.513868 -18.628656 90.000 63.192 0.0000 327.523147 52.530455 
frameinfo 58 51582.33310542 132.663560 0.000000 90.000 63.192 0.0000 327.523193 52.530474 
frameinfo 59 51582.33352012 132.813294 0.000000 90.000 63.192 0.0000 327.523239 52.530493 
frameinfo 60 51582.33393471 132.962986 53.888980 90.000 63.192 0.0000 327.523284 52.530511 
frameinfo 61 51582.33434941 133.112721 0.000000 90.000 63.192 0.0000 327.523330 52.530530 
frameinfo 62 51582.33476400 133.262413 0.000000 90.000 63.192 0.0000 327.523376 52.530548 
frameinfo 63 51582.33517859 133.412105 0.000000 90.000 63.192 0.0000 327.523421 52.530567 
frameinfo 64 51582.33559329 133.561840 0.000000 90.000 63.192 0.0000 327.523467 52.530585 
frameinfo 65 51582.33600788 133.711532 0.000000 90.000 63.192 0.0000 327.523512 52.530604 
frameinfo 66 51582.33642258 133.861267 0.000000 90.000 63.192 0.0000 327.523558 52.530622 
frameinfo 67 51582.33683717 134.010959 -37.072190 90.000 63.192 0.0000 327.523604 52.530641 
frameinfo 68 51582.33725187 134.160693 0.000000 90.000 63.192 0.0000 327.523649 52.530659 
frameinfo 69 51582.33766645 134.310386 0.000000 90.000 63.192 0.0000 327.523695 52.530678 
frameinfo 70 51582.33808116 134.460120 0.000000 90.000 63.192 0.0000 327.523741 52.530696 
frameinfo 71 51582.33849574 134.609813 0.000000 90.000 63.192 0.0000 327.523786 52.530715 
frameinfo 72 51582.33891033 134.759505 0.000000 90.000 63.192 0.0000 327.523832 52.530734 
frameinfo 73 51582.33932503 134.909240 -54.659961 90.000 63.192 0.0000 327.523878 52.530752 
frameinfo 74 51582.33973962 135.058932 0.000000 90.000 63.192 0.0000 327.523923 52.530771 
frameinfo 75 51582.34015432 135.208666 0.000000 90.000 63.192 0.0000 327.523969 52.530789 
frameinfo 76 51582.34056890 135.358359 0.000000 90.000 63.192 0.0000 327.524014 52.530808 
frameinfo 77 51582.34098361 135.508094 0.000000 90.000 63.192 0.0000 327.524060 52.530826 
frameinfo 78 51582.34139819 135.657786 0.000000 90.000 63.192 0.0000 327.524106 52.530845 
frameinfo 79 51582.34181289 135.807521 0.000000 90.000 63.192 0.0000 327.524151 52.530864 
frameinfo 80 51582.34222748 135.957214 0.000000 90.000 63.192 0.0000 327.524197 52.530882 
frameinfo 81 51582.34264207 136.106907 0.000000 90.000 63.192 0.0000 327.524243 52.530901 
frameinfo 82 51582.34305677 136.256641 0.000000 90.000 63.193 0.0000 327.524288 52.530919 
frameinfo 83 51582.34347136 136.406334 0.000000 90.000 63.193 0.0000 327.524334 52.530938 
frameinfo 84 51582.34388606 136.556069 -29.360571 90.000 63.193 0.0000 327.524379 52.530957 
frameinfo 85 51582.34430064 136.705762 0.000000 90.000 63.193 0.0000 327.524425 52.530975 
frameinfo 86 51582.34471535 136.855497 0.000000 90.000 63.193 0.0000 327.524471 52.530994 
frameinfo 87 51582.34512993 137.005191 0.000000 90.000 63.193 0.0000 327.524516 52.531012 
frameinfo 88 51582.34554464 137.154926 0.000000 90.000 63.193 0.0000 327.524562 52.531031 
frameinfo 89 51582.34595922 137.304619 0.000000 90.000 63.193 0.0000 327.524608 52.531049 
frameinfo 90 51582.34637393 137.454355 0.000000 90.000 63.193 0.0000 327.524653 52.531068 
frameinfo 91 51582.34678851 137.604048 0.000000 90.000 63.193 0.0000 327.524699 52.531087 
frameinfo 92 51582.34720310 137.753742 0.000000 90.000 63.193 0.0000 327.524744 52.531105 
frameinfo 93 51582.34761781 137.903478 0.000000 90.000 63.193 0.0000 327.524790 52.531124 
frameinfo 94 51582.34803240 138.053172 0.000000 90.000 63.193 0.0000 327.524836 52.531142 
frameinfo 95 51582.34844710 138.202908 0.000000 90.000 63.193 0.0000 327.524881 52.531161 
frameinfo 96 51582.34886169 138.352602 0.000000 90.000 63.193 0.0000 327.524927 52.531180 
frameinfo 97 51582.34927639 138.502338 0.000000 90.000 63.193 0.0000 327.524972 52.531198 
frameinfo 98 51582.34969098 138.652032 0.000000 90.000 63.193 0.0000 327.525018 52.531217 
frameinfo 99 51582.35010568 138.801769 82.870163 90.000 63.193 0.0000 327.525064 52.531235 
frameinfo 100 51582.35052027 138.951463 0.000000 90.000 63.193 0.0000 327.525109 52.531254 
frameinfo 101 51582.35093486 139.101157 0.000000 90.000 63.193 0.0000 327.525155 52.531273 
frameinfo 102 51582.35134956 139.250893 0.000000 90.000 63.193 0.0000 327.525200 52.531291 
frameinfo 103 51582.35176415 139.400587 0.000000 90.000 63.193 0.0000 327.525246 52.531310 
frameinfo 104 51582.35217885 139.550323 0.000000 90.000 63.193 0.0000 327.525292 52.531329 
frameinfo 105 51582.35259344 139.700017 0.000000 90.000 63.193 0.0000 327.525337 52.531347 
frameinfo 106 51582.35300814 139.849753 62.980670 90.000 63.193 0.0000 327.525383 52.531366 
frameinfo 107 51582.35342273 139.999447 0.000000 90.000 63.193 0.0000 327.525428 52.531384 
frameinfo 108 51582.35383743 140.149183 0.000000 90.000 63.193 0.0000 327.525474 52.531403 
frameinfo 109 51582.35425202 140.298877 11.010971 90.000 63.193 0.0000 327.525520 52.531422 
frameinfo 110 51582.35466672 140.448613 0.000000 90.000 63.194 0.0000 327.525565 52.531440 
frameinfo 111 51582.35508131 140.598308 0.000000 90.000 63.194 0.0000 327.525611 52.531459 
frameinfo 112 51582.35549590 140.748002 0.000000 90.000 63.194 0.0000 327.525656 52.531477 
frameinfo 113 51582.35591060 140.897737 0.000000 90.000 63.194 0.0000 327.525702 52.531496 
frameinfo 114 51582.35632519 141.047432 0.000000 90.000 63.194 0.0000 327.525748 52.531515 
frameinfo 115 51582.35673989 141.197167 0.000000 90.000 63.194 0.0000 327.525793 52.531533 
frameinfo 116 51582.35715447 141.346862 0.000000 90.000 63.194 0.0000 327.525839 52.531552 
frameinfo 117 51582.35756918 141.496598 0.000000 90.000 63.194 0.0000 327.525884 52.531571 
frameinfo 118 51582.35798376 141.646292 75.073256 90.000 63.194 0.0000 327.525930 52.531589 
frameinfo 119 51582.35839846 141.796028 0.000000 90.000 63.194 0.0000 327.525975 52.531608 
frameinfo 120 51582.35881305 141.945722 -0.060856 90.000 63.194 0.0000 327.526021 52.531627 
frameinfo 121 51582.35922764 142.095416 0.000000 90.000 63.194 0.0000 327.526066 52.531645 
frameinfo 122 51582.35964234 142.245152 0.000000 90.000 63.194 0.0000 327.526112 52.531664 
frameinfo 123 51582.36005692 142.394847 0.000000 90.000 63.194 0.0000 327.526158 52.531682 
frameinfo 124 51582.36047163 142.544583 -47.811031 90.000 63.194 0.0000 327.526203 52.531701 
frameinfo 125 51582.36088621 142.694277 0.000000 90.000 63.194 0.0000 327.526249 52.531720 
frameinfo 126 51582.36130092 142.844014 0.000000 90.000 63.194 0.0000 327.526295 52.531738 
frameinfo 127 51582.36171550 142.993709 0.000000 90.000 63.194 0.0000 327.526340 52.531757 
frameinfo 128 51582.36213020 143.143445 0.000000 90.000 63.194 0.0000 327.526386 52.531776 
frameinfo 129 51582.36254479 143.293140 0.000000 90.000 63.194 0.0000 327.526431 52.531794 
frameinfo 130 51582.36295949 143.442877 -8.269772 90.000 63.194 0.0000 327.526477 52.531813 
frameinfo 131 51582.36337408 143.592572 0.000000 90.000 63.194 0.0000 327.526522 52.531831 
frameinfo 132 51582.36378867 143.742267 0.000000 90.000 63.194 0.0000 327.526568 52.531850 
frameinfo 8 51582.31271670 125.301983 0.000000 90.000 63.190 0.0000 327.520947 52.529567 
frameinfo 9 51582.31278800 125.327724 -1.435795 90.000 63.190 0.0000 327.520953 52.529569 
frameinfo 10 51582.31320282 125.477498 0.000000 90.000 63.190 0.0000 327.520999 52.529588 
frameinfo 11 51582.31361740 125.627189 0.000000 90.000 63.190 0.0000 327.521045 52.529606 
frameinfo 12 51582.31403199 125.776879 0.000000 90.000 63.190 0.0000 327.521091 52.529625 
frameinfo 13 51582.31444669 125.926611 0.033857 90.000 63.190 0.0000 327.521136 52.529643 
frameinfo 14 51582.31486128 126.076302 0.000000 90.000 63.190 0.0000 327.521182 52.529661 
frameinfo 15 51582.31527598 126.226035 34.911160 90.000 63.190 0.0000 327.521228 52.529680 
frameinfo 16 51582.31569057 126.375725 0.000000 90.000 63.190 0.0000 327.521273 52.529698 
frameinfo 17 51582.31610527 126.525457 0.000000 90.000 63.190 0.0000 327.521319 52.529717 
frameinfo 18 51582.31651986 126.675148 0.000000 90.000 63.190 0.0000 327.521365 52.529735 
frameinfo 19 51582.31693456 126.824880 0.000000 90.000 63.190 0.0000 327.521411 52.529753 
frameinfo 20 51582.31734915 126.974570 0.000000 90.000 63.190 0.0000 327.521456 52.529772 
frameinfo 21 51582.31776385 127.124302 7.138614 90.000 63.190 0.0000 327.521502 52.529790 
frameinfo 22 51582.31817843 127.273992 0.000000 90.000 63.190 0.0000 327.521548 52.529809 
frameinfo 23 51582.31859313 127.423725 0.000000 90.000 63.190 0.0000 327.521594 52.529827 
frameinfo 24 51582.31900772 127.573415 33.011109 90.000 63.190 0.0000 327.521640 52.529846 
frameinfo 25 51582.31942230 127.723106 0.000000 90.000 63.191 0.0000 327.521685 52.529864 
frameinfo 26 51582.31983701 127.872838 0.000000 90.000 63.191 0.0000 327.521731 52.529882 
frameinfo 27 51582.32025159 128.022529 -30.928814 90.000 63.191 0.0000 327.521777 52.529901 
frameinfo 28 51582.32066629 128.172261 0.000000 90.000 63.191 0.0000 327.521822 52.529919 
frameinfo 29 51582.32108100 128.321994 0.000000 90.000 63.191 0.0000 327.521868 52.529938 
frameinfo 30 51582.32149558 128.471685 0.000000 90.000 63.191 0.0000 327.521914 52.529956 
frameinfo 31 51582.32191017 128.621376 0.000000 90.000 63.191 0.0000 327.521959 52.529975 
frameinfo 32 51582.32232475 128.771067 0.000000 90.000 63.191 0.0000 327.522005 52.529993 
frameinfo 33 51582.32273946 128.920800 0.000000 90.000 63.191 0.0000 327.522051 52.530012 
frameinfo 34 51582.32315404 129.070492 0.000000 90.000 63.191 0.0000 327.522096 52.530030 
frameinfo 35 51582.32356875 129.220225 0.000000 90.000 63.191 0.0000 327.522142 52.530048 
frameinfo 36 51582.32398333 129.369916 0.000000 90.000 63.191 0.0000 327.522188 52.530067 
frameinfo 37 51582.32439804 129.519649 0.000000 90.000 63.191 0.0000 327.522234 52.530085 
frameinfo 38 51582.32481262 129.669341 0.000000 90.000 63.191 0.0000 327.522279 52.530104 
frameinfo 39 51582.32522733 129.819074 -64.122873 90.000 63.191 0.0000 327.522325 52.530122 
frameinfo 40 51582.32564191 129.968766 0.000000 90.000 63.191 0.0000 327.522371 52.530141 
frameinfo 41 51582.32605662 130.118500 0.000000 90.000 63.191 0.0000 327.522417 52.530159 
frameinfo 42 51582.32647120 130.268192 0.000000 90.000 63.191 0.0000 327.522462 52.530178 
frameinfo 43 51582.32688579 130.417884 0.000000 90.000 63.191 0.0000 327.522508 52.530196 
frameinfo 44 51582.32730050 130.567618 0.000000 90.000 63.191 0.0000 327.522554 52.530215 
frameinfo 45 51582.32771508 130.717310 79.278491 90.000 63.191 0.0000 327.522599 52.530233 
frameinfo 46 51582.32812979 130.867044 0.000000 90.000 63.191 0.0000 327.522645 52.530252 
frameinfo 47 51582.32854438 131.016736 0.000000 90.000 63.191 0.0000 327.522691 52.530270 
frameinfo 48 51582.32895908 131.166470 0.000000 90.000 63.191 0.0000 327.522736 52.530289 
frameinfo 49 51582.32937367 131.316162 0.000000 90.000 63.191 0.0000 327.522782 52.530307 
frameinfo 50 51582.32978837 131.465896 0.000000 90.000 63.191 0.0000 327.522828 52.530326 
frameinfo 51 51582.33020296 131.615588 -32.619589 90.000 63.191 0.0000 327.522873 52.530344 
frameinfo 52 51582.33061755 131.765281 0.000000 90.000 63.191 0.0000 327.522919 52.530363 
frameinfo 53 51582.33103225 131.915015 0.000000 90.000 63.191 0.0000 327.522965 52.530381 
frameinfo 54 51582.33144684 132.064707 81.876941 90.000 63.192 0.0000 327.523010 52.530400 
frameinfo 55 51582.33186154 132.214441 0.000000 90.000 63.192 0.0000 327.523056 52.530418 
frameinfo 56 51582.33227613 132.364133 0.000000 90.000 63.192 0.0000 327.523102 52.530437 
frameinfo 57 51582.33269083 132.513868 -18.628656 90.000 63.192 0.0000 327.523147 52.530455 
frameinfo 58 51582.33310542 132.663560 0.000000 90.000 63.192 0.0000 327.523193 52.530474 
frameinfo 59 51582.33352012 132.813294 0.000000 90.000 63.192 0.0000 327.523239 52.530493 
frameinfo 60 51582.33393471 132.962986 53.888980 90.000 63.192 0.0000 327.523284 52.530511 
frameinfo 61 51582.33434941 133.112721 0.000000 90.000 63.192 0.0000 327.523330 52.530530 
frameinfo 62 51582.33476400 133.262413 0.000000 90.000 63.192 0.0000 327.523376 52.530548 
frameinfo 63 51582.33517859 133.412105 0.000000 90.000 63.192 0.0000 327.523421 52.530567 
frameinfo 64 51582.33559329 133.561840 0.000000 90.000 63.192 0.0000 327.523467 52.530585 
frameinfo 65 51582.33600788 133.711532 0.000000 90.000 63.192 0.0000 327.523512 52.530604 
frameinfo 66 51582.33642258 133.861267 0.000000 90.000 63.192 0.0000 327.523558 52.530622 
frameinfo 67 51582.33683717 134.010959 -37.072190 90.000 63.192 0.0000 327.523604 52.530641 
frameinfo 68 51582.33725187 134.160693 0.000000 90.000 63.192 0.0000 327.523649 52.530659 
frameinfo 69 51582.33766645 134.310386 0.000000 90.000 63.192 0.0000 327.523695 52.530678 
frameinfo 70 51582.33808116 134.460120 0.000000 90.000 63.192 0.0000 327.523741 52.530696 
frameinfo 71 51582.33849574 134.609813 0.000000 90.000 63.192 0.0000 327.523786 52.530715 
frameinfo 72 51582.33891033 134.759505 0.000000 90.000 63.192 0.0000 327.523832 52.530734 
frameinfo 73 51582.33932503 134.909240 -54.659961 90.000 63.192 0.0000 327.523878 52.530752 
frameinfo 74 51582.33973962 135.058932 0.000000 90.000 63.192 0.0000 327.523923 52.530771 
frameinfo 75 51582.34015432 135.208666 0.000000 90.000 63.192 0.0000 327.523969 52.530789 
frameinfo 76 51582.34056890 135.358359 0.000000 90.000 63.192 0.0000 327.524014 52.530808 
frameinfo 77 51582.34098361 135.508094 0.000000 90.000 63.192 0.0000 327.524060 52.530826 
frameinfo 78 51582.34139819 135.657786 0.000000 90.000 63.192 0.0000 327.524106 52.530845 
frameinfo 79 51582.34181289 135.807521 0.000000 90.000 63.192 0.0000 327.524151 52.530864 
frameinfo 80 51582.34222748 135.957214 0.000000 90.000 63.192 0.0000 327.524197 52.530882 
frameinfo 81 51582.34264207 136.106907 0.000000 90.000 63.192 0.0000 327.524243 52.530901 
frameinfo 82 51582.34305677 136.256641 0.000000 90.000 63.193 0.0000 327.524288 52.530919 
frameinfo 83 51582.34347136 136.406334 0.000000 90.000 63.193 0.0000 327.524334 52.530938 
frameinfo 84 51582.34388606 136.556069 -29.360571 90.000 63.193 0.0000 327.524379 52.530957 
frameinfo 85 51582.34430064 136.705762 0.000000 90.000 63.193 0.0000 327.524425 52.530975 
frameinfo 86 51582.34471535 136.855497 0.000000 90.000 63.193 0.0000 327.524471 52.530994 
frameinfo 87 51582.34512993 137.005191 0.000000 90.000 63.193 0.0000 327.524516 52.531012 
frameinfo 88 51582.34554464 137.154926 0.000000 90.000 63.193 0.0000 327.524562 52.531031 
frameinfo 89 51582.34595922 137.304619 0.000000 90.000 63.193 0.0000 327.524608 52.531049 
frameinfo 90 51582.34637393 137.454355 0.000000 90.000 63.193 0.0000 327.524653 52.531068 
frameinfo 91 51582.34678851 137.604048 0.000000 90.000 63.193 0.0000 327.524699 52.531087 
frameinfo 92 51582.34720310 137.753742 0.000000 90.000 63.193 0.0000 327.524744 52.531105 
frameinfo 93 51582.34761781 137.903478 0.000000 90.000 63.193 0.0000 327.524790 52.531124 
frameinfo 94 51582.34803240 138.053172 0.000000 90.000 63.193 0.0000 327.524836 52.531142 
frameinfo 95 51582.34844710 138.202908 0.000000 90.000 63.193 0.0000 327.524881 52.531161 
frameinfo 96 51582.34886169 138.352602 0.000000 90.000 63.193 0.0000 327.524927 52.531180 
frameinfo 97 51582.34927639 138.502338 0.000000 90.000 63.193 0.0000 327.524972 52.531198 
frameinfo 98 51582.34969098 138.652032 0.000000 90.000 63.193 0.0000 327.525018 52.531217 
frameinfo 99 51582.35010568 138.801769 82.870163 90.000 63.193 0.0000 327.525064 52.531235 
frameinfo 100 51582.35052027 138.951463 0.000000 90.000 63.193 0.0000 327.525109 52.531254 
frameinfo 101 51582.35093486 139.101157 0.000000 90.000 63.193 0.0000 327.525155 52.531273 
frameinfo 102 51582.35134956 139.250893 0.000000 90.000 63.193 0.0000 327.525200 52.531291 
frameinfo 103 51582.35176415 139.400587 0.000000 90.000 63.193 0.0000 327.525246 52.531310 
frameinfo 104 51582.35217885 139.550323 0.000000 90.000 63.193 0.0000 327.525292 52.531329 
frameinfo 105 51582.35259344 139.700017 0.000000 90.000 63.193 0.0000 327.525337 52.531347 
frameinfo 106 51582.35300814 139.849753 62.980670 90.000 63.193 0.0000 327.525383 52.531366 
frameinfo 107 51582.35342273 139.999447 0.000000 90.000 63.193 0.0000 327.525428 52.531384 
frameinfo 108 51582.35383743 140.149183 0.000000 90.000 63.193 0.0000 327.525474 52.531403 
frameinfo 109 51582.35425202 140.298877 11.010971 90.000 63.193 0.0000 327.525520 52.531422 
frameinfo 110 51582.35466672 140.448613 0.000000 90.000 63.194 0.0000 327.525565 52.531440 
frameinfo 111 51582.35508131 140.598308 0.000000 90.000 63.194 0.0000 327.525611 52.531459 
frameinfo 112 51582.35549590 140.748002 0.000000 90.000 63.194 0.0000 327.525656 52.531477 
frameinfo 113 51582.35591060 140.897737 0.000000 90.000 63.194 0.0000 327.525702 52.531496 
frameinfo 114 51582.35632519 141.047432 0.000000 90.000 63.194 0.0000 327.525748 52.531515 
frameinfo 115 51582.35673989 141.197167 0.000000 90.000 63.194 0.0000 327.525793 52.531533 
frameinfo 116 51582.35715447 141.346862 0.000000 90.000 63.194 0.0000 327.525839 52.531552 
frameinfo 117 51582.35756918 141.496598 0.000000 90.000 63.194 0.0000 327.525884 52.531571 
frameinfo 118 51582.35798376 141.646292 75.073256 90.000 63.194 0.0000 327.525930 52.531589 
frameinfo 119 51582.35839846 141.796028 0.000000 90.000 63.194 0.0000 327.525975 52.531608 
frameinfo 120 51582.35881305 141.945722 -0.060856 90.000 63.194 0.0000 327.526021 52.531627 
frameinfo 121 51582.35922764 142.095416 0.000000 90.000 63.194 0.0000 327.526066 52.531645 
frameinfo 122 51582.35964234 142.245152 0.000000 90.000 63.194 0.0000 327.526112 52.531664 
frameinfo 123 51582.36005692 142.394847 0.000000 90.000 63.194 0.0000 327.526158 52.531682 
frameinfo 124 51582.36047163 142.544583 -47.811031 90.000 63.194 0.0000 327.526203 52.531701 
frameinfo 125 51582.36088621 142.694277 0.000000 90.000 63.194 0.0000 327.526249 52.531720 
frameinfo 126 51582.36130092 142.844014 0.000000 90.000 63.194 0.0000 327.526295 52.531738 
frameinfo 127 51582.36171550 142.993709 0.000000 90.000 63.194 0.0000 327.526340 52.531757 
frameinfo 128 51582.36213020 143.143445 0.000000 90.000 63.194 0.0000 327.526386 52.531776 
frameinfo 129 51582.36254479 143.293140 0.000000 90.000 63.194 0.0000 327.526431 52.531794 
frameinfo 130 51582.36295949 143.442877 -8.269772 90.000 63.194 0.0000 327.526477 52.531813 
frameinfo 131 51582.36337408 143.592572 0.000000 90.000 63.194 0.0000 327.526522 52.531831 
frameinfo 132 51582.36378867 143.742267 0.000000 90.000 63.194 0.0000 327.526568 52.531850 
