run                 1113                 # Imaging run number. 
cpu                 1                 # cpu ID
mjd		    51582		 # mjd
version		    /p/astroda/v14_11    # version of astroda

typedef struct {
    int       frame;          # Frame number. 
    double    mjd;            # MJD at time r' row 0 is clocked. (MJD = TAI/86400.0 for this mjd) 
    double    ra;             # Right ascension/longitude of boresight when r' row 0 is clocked. (degrees) 
    double    dec;            # Declination/latitude of boresight when r' row 0 is clocked. (degrees) 
    float     spa;            # Camera col position angle wrt north.  
                              # (degrees) 
    float     ipa;            # Instrument rotator position angle.  
                              # (degrees) 
    float     ipaRate;        # Instrument rotator angular velocity.  
                              # (deg/sec) 
    double    az;             # Azimuth (encoder) of telescope. (degrees) 
    double    alt;            # Altitude (encoder) of telescope.  
                              # (degrees) 
} FRAMEINFO;

frameinfo 8 51582.06484977 121.000000 35.000000 0.000 0.000 -9999 121.000000 35.000000 
frameinfo 9 51582.06526679 121.000000 35.000000 0.000 0.000 -9999 121.000000 35.000000 
frameinfo 10 51582.06568149 121.000000 35.000000 0.000 0.000 -9999 121.000000 35.000000 
frameinfo 11 51582.06609619 121.000000 35.000000 0.000 0.000 -9999 0.000000 0.000000 
frameinfo 12 51582.06651078 121.000000 35.000000 0.000 0.000 -9999 0.000000 0.000000 
frameinfo 13 51582.06692548 121.000000 35.000000 0.000 0.000 -9999 0.000000 0.000000 
frameinfo 14 51582.06734006 121.000000 35.000000 0.000 0.000 -9999 0.000000 0.000000 
frameinfo 15 51582.06775465 121.000000 35.000000 0.000 0.000 -9999 0.000000 0.000000 
frameinfo 16 51582.06816935 121.000000 35.000000 0.000 0.000 -9999 0.000000 0.000000 
frameinfo 17 51582.06858393 121.000000 35.000000 0.000 0.000 -9999 0.000000 0.000000 
frameinfo 18 51582.06899863 121.000000 35.000000 0.000 0.000 -9999 0.000000 0.000000 
frameinfo 19 51582.06941322 121.000000 35.000000 0.000 0.000 -9999 0.000000 0.000000 
frameinfo 20 51582.06982792 121.000000 35.000000 0.000 0.000 -9999 0.000000 0.000000 
frameinfo 21 51582.07024251 121.000000 35.000000 0.000 0.000 -9999 0.000000 0.000000 
frameinfo 22 51582.07065721 121.000000 35.000000 0.000 0.000 -9999 0.000000 0.000000 
frameinfo 23 51582.07107179 121.000000 35.000000 0.000 0.000 -9999 0.000000 0.000000 
frameinfo 24 51582.07148649 121.000000 35.000000 0.000 0.000 -9999 0.000000 0.000000 
frameinfo 25 51582.07190108 121.000000 35.000000 0.000 0.000 -9999 0.000000 0.000000 
frameinfo 26 51582.07231578 121.000000 35.000000 0.000 0.000 -9999 0.000000 0.000000 
frameinfo 27 51582.07273036 121.000000 35.000000 0.000 0.000 -9999 0.000000 0.000000 
frameinfo 28 51582.07314506 121.000000 35.000000 0.000 0.000 -9999 0.000000 0.000000 
frameinfo 29 51582.07355965 -9999 -9999 -9999 -9999 -9999 -9999 -9999 
frameinfo 30 51582.07397423 100.000000 40.000000 0.000 0.000 -9999 100.000000 40.000000 
frameinfo 31 51582.07438894 100.000000 40.000000 0.000 0.000 -9999 100.000000 40.000000 
frameinfo 32 51582.07480364 100.000000 40.000000 0.000 0.000 -9999 100.000000 40.000000 
frameinfo 33 51582.07521822 100.000000 40.000000 0.000 0.000 -9999 100.000000 40.000000 
frameinfo 34 51582.07563281 100.000000 40.000000 0.000 0.000 -9999 100.000000 40.000000 
frameinfo 35 51582.07604751 100.000000 40.000000 0.000 0.000 -9999 100.000000 40.000000 
frameinfo 36 51582.07646209 100.000000 40.000000 0.000 0.000 -9999 100.000000 40.000000 
frameinfo 37 51582.07687679 100.000000 40.000000 0.000 0.000 -9999 100.000000 40.000000 
frameinfo 38 51582.07729138 100.000000 40.000000 0.000 0.000 -9999 100.000000 40.000000 
frameinfo 39 51582.07770608 100.000000 40.000000 0.000 0.000 -9999 100.000000 40.000000 
frameinfo 40 51582.07812066 100.000000 40.000000 0.000 0.000 -9999 100.000000 40.000000 
frameinfo 41 51582.07853536 100.000000 40.000000 0.000 0.000 -9999 100.000000 40.000000 
frameinfo 42 51582.07894995 100.000000 40.000000 0.000 0.000 -9999 100.000000 40.000000 
frameinfo 43 51582.07936465 100.000000 40.000000 0.000 0.000 -9999 100.000000 40.000000 
frameinfo 44 51582.07977924 100.000000 40.000000 0.000 0.000 -9999 100.000000 40.000000 
frameinfo 45 51582.08019393 100.000000 40.000000 0.000 0.000 -9999 100.000000 40.000000 
frameinfo 46 51582.08060852 100.000000 40.000000 0.000 0.000 -9999 100.000000 40.000000 
frameinfo 47 51582.08102322 100.000000 40.000000 0.000 0.000 -9999 100.000000 40.000000 
frameinfo 48 51582.08143781 100.000000 40.000000 0.000 0.000 -9999 100.000000 40.000000 
frameinfo 49 51582.08185251 100.000000 40.000000 0.000 0.000 -9999 100.000000 40.000000 
frameinfo 50 51582.08226709 100.000000 40.000000 0.000 0.000 -9999 100.000000 40.000000 
frameinfo 51 51582.08268179 100.000000 40.000000 0.000 0.000 -9999 100.000000 40.000000 
frameinfo 52 51582.08309638 100.000000 40.000000 0.000 0.000 -9999 100.000000 40.000000 
frameinfo 53 51582.08351097 100.000000 40.000000 0.000 0.000 -9999 100.000000 40.000000 
frameinfo 54 51582.08392567 100.000000 40.000000 0.000 0.000 -9999 100.000000 40.000000 
frameinfo 55 51582.08434025 100.000000 40.000000 0.000 0.000 -9999 100.000000 40.000000 
frameinfo 8 51582.06484977 121.000000 35.000000 0.000 0.000 -9999 121.000000 35.000000 
frameinfo 9 51582.06526679 121.000000 35.000000 0.000 0.000 -9999 121.000000 35.000000 
frameinfo 10 51582.06568149 121.000000 35.000000 0.000 0.000 -9999 121.000000 35.000000 
frameinfo 11 51582.06609619 121.000000 35.000000 0.000 0.000 -9999 0.000000 0.000000 
frameinfo 12 51582.06651078 121.000000 35.000000 0.000 0.000 -9999 0.000000 0.000000 
frameinfo 13 51582.06692548 121.000000 35.000000 0.000 0.000 -9999 0.000000 0.000000 
frameinfo 14 51582.06734006 121.000000 35.000000 0.000 0.000 -9999 0.000000 0.000000 
frameinfo 15 51582.06775465 121.000000 35.000000 0.000 0.000 -9999 0.000000 0.000000 
frameinfo 16 51582.06816935 121.000000 35.000000 0.000 0.000 -9999 0.000000 0.000000 
frameinfo 17 51582.06858393 121.000000 35.000000 0.000 0.000 -9999 0.000000 0.000000 
frameinfo 18 51582.06899863 121.000000 35.000000 0.000 0.000 -9999 0.000000 0.000000 
frameinfo 19 51582.06941322 121.000000 35.000000 0.000 0.000 -9999 0.000000 0.000000 
frameinfo 20 51582.06982792 121.000000 35.000000 0.000 0.000 -9999 0.000000 0.000000 
frameinfo 21 51582.07024251 121.000000 35.000000 0.000 0.000 -9999 0.000000 0.000000 
frameinfo 22 51582.07065721 121.000000 35.000000 0.000 0.000 -9999 0.000000 0.000000 
frameinfo 23 51582.07107179 121.000000 35.000000 0.000 0.000 -9999 0.000000 0.000000 
frameinfo 24 51582.07148649 121.000000 35.000000 0.000 0.000 -9999 0.000000 0.000000 
frameinfo 25 51582.07190108 121.000000 35.000000 0.000 0.000 -9999 0.000000 0.000000 
frameinfo 26 51582.07231578 121.000000 35.000000 0.000 0.000 -9999 0.000000 0.000000 
frameinfo 27 51582.07273036 121.000000 35.000000 0.000 0.000 -9999 0.000000 0.000000 
frameinfo 28 51582.07314506 121.000000 35.000000 0.000 0.000 -9999 0.000000 0.000000 
frameinfo 29 51582.07355965 -9999 -9999 -9999 -9999 -9999 -9999 -9999 
frameinfo 30 51582.07397423 100.000000 40.000000 0.000 0.000 -9999 100.000000 40.000000 
frameinfo 31 51582.07438894 100.000000 40.000000 0.000 0.000 -9999 100.000000 40.000000 
frameinfo 32 51582.07480364 100.000000 40.000000 0.000 0.000 -9999 100.000000 40.000000 
frameinfo 33 51582.07521822 100.000000 40.000000 0.000 0.000 -9999 100.000000 40.000000 
frameinfo 34 51582.07563281 100.000000 40.000000 0.000 0.000 -9999 100.000000 40.000000 
frameinfo 35 51582.07604751 100.000000 40.000000 0.000 0.000 -9999 100.000000 40.000000 
frameinfo 36 51582.07646209 100.000000 40.000000 0.000 0.000 -9999 100.000000 40.000000 
frameinfo 37 51582.07687679 100.000000 40.000000 0.000 0.000 -9999 100.000000 40.000000 
frameinfo 38 51582.07729138 100.000000 40.000000 0.000 0.000 -9999 100.000000 40.000000 
frameinfo 39 51582.07770608 100.000000 40.000000 0.000 0.000 -9999 100.000000 40.000000 
frameinfo 40 51582.07812066 100.000000 40.000000 0.000 0.000 -9999 100.000000 40.000000 
frameinfo 41 51582.07853536 100.000000 40.000000 0.000 0.000 -9999 100.000000 40.000000 
frameinfo 42 51582.07894995 100.000000 40.000000 0.000 0.000 -9999 100.000000 40.000000 
frameinfo 43 51582.07936465 100.000000 40.000000 0.000 0.000 -9999 100.000000 40.000000 
frameinfo 44 51582.07977924 100.000000 40.000000 0.000 0.000 -9999 100.000000 40.000000 
frameinfo 45 51582.08019393 100.000000 40.000000 0.000 0.000 -9999 100.000000 40.000000 
frameinfo 46 51582.08060852 100.000000 40.000000 0.000 0.000 -9999 100.000000 40.000000 
frameinfo 47 51582.08102322 100.000000 40.000000 0.000 0.000 -9999 100.000000 40.000000 
frameinfo 48 51582.08143781 100.000000 40.000000 0.000 0.000 -9999 100.000000 40.000000 
frameinfo 49 51582.08185251 100.000000 40.000000 0.000 0.000 -9999 100.000000 40.000000 
frameinfo 50 51582.08226709 100.000000 40.000000 0.000 0.000 -9999 100.000000 40.000000 
frameinfo 51 51582.08268179 100.000000 40.000000 0.000 0.000 -9999 100.000000 40.000000 
frameinfo 52 51582.08309638 100.000000 40.000000 0.000 0.000 -9999 100.000000 40.000000 
frameinfo 53 51582.08351097 100.000000 40.000000 0.000 0.000 -9999 100.000000 40.000000 
frameinfo 54 51582.08392567 100.000000 40.000000 0.000 0.000 -9999 100.000000 40.000000 
frameinfo 55 51582.08434025 100.000000 40.000000 0.000 0.000 -9999 100.000000 40.000000 
frameinfo 8 51582.06484977 121.000000 35.000000 0.000 0.000 -9999 121.000000 35.000000 
frameinfo 9 51582.06526679 121.000000 35.000000 0.000 0.000 -9999 121.000000 35.000000 
frameinfo 10 51582.06568149 121.000000 35.000000 0.000 0.000 -9999 121.000000 35.000000 
frameinfo 11 51582.06609619 121.000000 35.000000 0.000 0.000 -9999 0.000000 0.000000 
frameinfo 12 51582.06651078 121.000000 35.000000 0.000 0.000 -9999 0.000000 0.000000 
frameinfo 13 51582.06692548 121.000000 35.000000 0.000 0.000 -9999 0.000000 0.000000 
frameinfo 14 51582.06734006 121.000000 35.000000 0.000 0.000 -9999 0.000000 0.000000 
frameinfo 15 51582.06775465 121.000000 35.000000 0.000 0.000 -9999 0.000000 0.000000 
frameinfo 16 51582.06816935 121.000000 35.000000 0.000 0.000 -9999 0.000000 0.000000 
frameinfo 17 51582.06858393 121.000000 35.000000 0.000 0.000 -9999 0.000000 0.000000 
frameinfo 18 51582.06899863 121.000000 35.000000 0.000 0.000 -9999 0.000000 0.000000 
frameinfo 19 51582.06941322 121.000000 35.000000 0.000 0.000 -9999 0.000000 0.000000 
frameinfo 20 51582.06982792 121.000000 35.000000 0.000 0.000 -9999 0.000000 0.000000 
frameinfo 21 51582.07024251 121.000000 35.000000 0.000 0.000 -9999 0.000000 0.000000 
frameinfo 22 51582.07065721 121.000000 35.000000 0.000 0.000 -9999 0.000000 0.000000 
frameinfo 23 51582.07107179 121.000000 35.000000 0.000 0.000 -9999 0.000000 0.000000 
frameinfo 24 51582.07148649 121.000000 35.000000 0.000 0.000 -9999 0.000000 0.000000 
frameinfo 25 51582.07190108 121.000000 35.000000 0.000 0.000 -9999 0.000000 0.000000 
frameinfo 26 51582.07231578 121.000000 35.000000 0.000 0.000 -9999 0.000000 0.000000 
frameinfo 27 51582.07273036 121.000000 35.000000 0.000 0.000 -9999 0.000000 0.000000 
frameinfo 28 51582.07314506 121.000000 35.000000 0.000 0.000 -9999 0.000000 0.000000 
frameinfo 29 51582.07355965 -9999 -9999 -9999 -9999 -9999 -9999 -9999 
frameinfo 30 51582.07397423 100.000000 40.000000 0.000 0.000 -9999 100.000000 40.000000 
frameinfo 31 51582.07438894 100.000000 40.000000 0.000 0.000 -9999 100.000000 40.000000 
frameinfo 32 51582.07480364 100.000000 40.000000 0.000 0.000 -9999 100.000000 40.000000 
frameinfo 33 51582.07521822 100.000000 40.000000 0.000 0.000 -9999 100.000000 40.000000 
frameinfo 34 51582.07563281 100.000000 40.000000 0.000 0.000 -9999 100.000000 40.000000 
frameinfo 35 51582.07604751 100.000000 40.000000 0.000 0.000 -9999 100.000000 40.000000 
frameinfo 36 51582.07646209 100.000000 40.000000 0.000 0.000 -9999 100.000000 40.000000 
frameinfo 37 51582.07687679 100.000000 40.000000 0.000 0.000 -9999 100.000000 40.000000 
frameinfo 38 51582.07729138 100.000000 40.000000 0.000 0.000 -9999 100.000000 40.000000 
frameinfo 39 51582.07770608 100.000000 40.000000 0.000 0.000 -9999 100.000000 40.000000 
frameinfo 40 51582.07812066 100.000000 40.000000 0.000 0.000 -9999 100.000000 40.000000 
frameinfo 41 51582.07853536 100.000000 40.000000 0.000 0.000 -9999 100.000000 40.000000 
frameinfo 42 51582.07894995 100.000000 40.000000 0.000 0.000 -9999 100.000000 40.000000 
frameinfo 43 51582.07936465 100.000000 40.000000 0.000 0.000 -9999 100.000000 40.000000 
frameinfo 44 51582.07977924 100.000000 40.000000 0.000 0.000 -9999 100.000000 40.000000 
frameinfo 45 51582.08019393 100.000000 40.000000 0.000 0.000 -9999 100.000000 40.000000 
frameinfo 46 51582.08060852 100.000000 40.000000 0.000 0.000 -9999 100.000000 40.000000 
frameinfo 47 51582.08102322 100.000000 40.000000 0.000 0.000 -9999 100.000000 40.000000 
frameinfo 48 51582.08143781 100.000000 40.000000 0.000 0.000 -9999 100.000000 40.000000 
frameinfo 49 51582.08185251 100.000000 40.000000 0.000 0.000 -9999 100.000000 40.000000 
frameinfo 50 51582.08226709 100.000000 40.000000 0.000 0.000 -9999 100.000000 40.000000 
frameinfo 51 51582.08268179 100.000000 40.000000 0.000 0.000 -9999 100.000000 40.000000 
frameinfo 52 51582.08309638 100.000000 40.000000 0.000 0.000 -9999 100.000000 40.000000 
frameinfo 53 51582.08351097 100.000000 40.000000 0.000 0.000 -9999 100.000000 40.000000 
frameinfo 54 51582.08392567 100.000000 40.000000 0.000 0.000 -9999 100.000000 40.000000 
frameinfo 55 51582.08434025 100.000000 40.000000 0.000 0.000 -9999 100.000000 40.000000 
