run                 1118                 # Imaging run number. 
cpu                 10                 # cpu ID
mjd		    51582		 # mjd
version		    /p/astroda/v14_11    # version of astroda

typedef struct {
    int       frame;          # Frame number. 
    double    mjd;            # MJD at time r' row 0 is clocked. (MJD = TAI/86400.0 for this mjd) 
    double    ra;             # Right ascension/longitude of boresight when r' row 0 is clocked. (degrees) 
    double    dec;            # Declination/latitude of boresight when r' row 0 is clocked. (degrees) 
    float     spa;            # Camera col position angle wrt north.  
                              # (degrees) 
    float     ipa;            # Instrument rotator position angle.  
                              # (degrees) 
    float     ipaRate;        # Instrument rotator angular velocity.  
                              # (deg/sec) 
    double    az;             # Azimuth (encoder) of telescope. (degrees) 
    double    alt;            # Altitude (encoder) of telescope.  
                              # (degrees) 
} FRAMEINFO;

frameinfo 8 51582.21747418 126.012002 0.000000 90.000 113.166 0.0000 27.871515 53.780753 
frameinfo 9 51582.21754525 126.037660 0.000000 90.000 113.166 0.0000 27.871522 53.780752 
frameinfo 10 51582.21796007 126.187433 -78.458729 90.000 113.166 0.0000 27.871575 53.780743 
frameinfo 11 51582.21837454 126.337081 0.000000 90.000 113.166 0.0000 27.871627 53.780734 
frameinfo 12 51582.21878924 126.486812 0.000000 90.000 113.166 0.0000 27.871680 53.780725 
frameinfo 13 51582.21920394 126.636543 0.000000 90.000 113.166 0.0000 27.871732 53.780716 
frameinfo 14 51582.21961853 126.786233 0.000000 90.000 113.166 0.0000 27.871785 53.780707 
frameinfo 15 51582.22003323 126.935965 0.000000 90.000 113.167 0.0000 27.871838 53.780698 
frameinfo 16 51582.22044782 127.085655 0.000000 90.000 113.167 0.0000 27.871890 53.780689 
frameinfo 17 51582.22086252 127.235386 0.000000 90.000 113.167 0.0000 27.871942 53.780680 
frameinfo 18 51582.22127711 127.385076 0.159325 90.000 113.167 0.0000 27.871995 53.780671 
frameinfo 19 51582.22169181 127.534808 0.000000 90.000 113.167 0.0000 27.872047 53.780662 
frameinfo 20 51582.22210651 127.684539 0.000000 90.000 113.167 0.0000 27.872100 53.780653 
frameinfo 21 51582.22252098 127.834187 0.000000 90.000 113.167 0.0000 27.872153 53.780644 
frameinfo 22 51582.22293569 127.983919 0.000000 90.000 113.167 0.0000 27.872205 53.780635 
frameinfo 23 51582.22335027 128.133609 0.000000 90.000 113.167 0.0000 27.872258 53.780626 
frameinfo 24 51582.22376498 128.283341 0.000000 90.000 113.167 0.0000 27.872310 53.780617 
frameinfo 25 51582.22417956 128.433031 0.000000 90.000 113.167 0.0000 27.872363 53.780608 
frameinfo 26 51582.22459427 128.582763 0.000000 90.000 113.167 0.0000 27.872416 53.780599 
frameinfo 27 51582.22500885 128.732454 66.701907 90.000 113.167 0.0000 27.872468 53.780590 
frameinfo 28 51582.22542356 128.882186 0.000000 90.000 113.167 0.0000 27.872521 53.780581 
frameinfo 29 51582.22583814 129.031876 0.000000 90.000 113.167 0.0000 27.872573 53.780572 
frameinfo 30 51582.22625262 129.181525 0.000000 90.000 113.167 0.0000 27.872626 53.780563 
frameinfo 31 51582.22666743 129.331299 -28.844492 90.000 113.167 0.0000 27.872678 53.780554 
frameinfo 32 51582.22708202 129.480990 0.000000 90.000 113.167 0.0000 27.872731 53.780545 
frameinfo 33 51582.22749673 129.630722 0.000000 90.000 113.167 0.0000 27.872784 53.780536 
frameinfo 34 51582.22791131 129.780413 0.000000 90.000 113.167 0.0000 27.872836 53.780527 
frameinfo 35 51582.22832602 129.930145 0.000000 90.000 113.167 0.0000 27.872889 53.780518 
frameinfo 36 51582.22874060 130.079836 0.000000 90.000 113.167 0.0000 27.872941 53.780509 
frameinfo 37 51582.22915531 130.229568 0.000000 90.000 113.167 0.0000 27.872994 53.780500 
frameinfo 38 51582.22957001 130.379301 0.133211 90.000 113.167 0.0000 27.873046 53.780491 
frameinfo 39 51582.22998460 130.528992 0.000000 90.000 113.168 0.0000 27.873099 53.780482 
frameinfo 40 51582.23039918 130.678683 -11.025851 90.000 113.168 0.0000 27.873152 53.780474 
frameinfo 41 51582.23081389 130.828416 0.000000 90.000 113.168 0.0000 27.873204 53.780465 
frameinfo 42 51582.23122848 130.978107 16.743648 90.000 113.168 0.0000 27.873257 53.780456 
frameinfo 43 51582.23164306 131.127797 0.000000 90.000 113.168 0.0000 27.873309 53.780447 
frameinfo 44 51582.23205777 131.277530 0.000000 90.000 113.168 0.0000 27.873362 53.780438 
frameinfo 45 51582.23247235 131.427221 0.000000 90.000 113.168 0.0000 27.873415 53.780429 
frameinfo 46 51582.23288706 131.576954 0.000000 90.000 113.168 0.0000 27.873468 53.780420 
frameinfo 47 51582.23330164 131.726645 0.000000 90.000 113.168 0.0000 27.873520 53.780411 
frameinfo 48 51582.23371635 131.876378 0.000000 90.000 113.168 0.0000 27.873573 53.780402 
frameinfo 49 51582.23413093 132.026069 -70.038458 90.000 113.168 0.0000 27.873625 53.780393 
frameinfo 50 51582.23454564 132.175802 0.000000 90.000 113.168 0.0000 27.873678 53.780384 
frameinfo 51 51582.23496022 132.325494 0.000000 90.000 113.168 0.0000 27.873731 53.780375 
frameinfo 52 51582.23537481 132.475185 -58.774846 90.000 113.168 0.0000 27.873783 53.780366 
frameinfo 53 51582.23578952 132.624918 0.000000 90.000 113.168 0.0000 27.873836 53.780358 
frameinfo 54 51582.23620410 132.774610 0.000000 90.000 113.168 0.0000 27.873888 53.780349 
frameinfo 55 51582.23661881 132.924344 -7.370773 90.000 113.168 0.0000 27.873941 53.780340 
frameinfo 56 51582.23703340 133.074035 0.000000 90.000 113.168 0.0000 27.873994 53.780331 
frameinfo 57 51582.23744810 133.223769 0.000000 90.000 113.168 0.0000 27.874046 53.780322 
frameinfo 58 51582.23786269 133.373461 0.000000 90.000 113.168 0.0000 27.874099 53.780313 
frameinfo 59 51582.23827739 133.523194 0.000000 90.000 113.168 0.0000 27.874151 53.780304 
frameinfo 60 51582.23869198 133.672885 0.000000 90.000 113.168 0.0000 27.874204 53.780295 
frameinfo 61 51582.23910668 133.822619 0.000000 90.000 113.168 0.0000 27.874257 53.780286 
frameinfo 62 51582.23952127 133.972310 0.000000 90.000 113.168 0.0000 27.874309 53.780278 
frameinfo 63 51582.23993585 134.122002 0.000000 90.000 113.169 0.0000 27.874362 53.780269 
