run                 1117                 # Imaging run number. 
cpu                 1                 # cpu ID
mjd		    51582		 # mjd
version		    /p/astroda/v14_11    # version of astroda

typedef struct {
    int       frame;          # Frame number. 
    double    mjd;            # MJD at time r' row 0 is clocked. (MJD = TAI/86400.0 for this mjd) 
    double    ra;             # Right ascension/longitude of boresight when r' row 0 is clocked. (degrees) 
    double    dec;            # Declination/latitude of boresight when r' row 0 is clocked. (degrees) 
    float     spa;            # Camera col position angle wrt north.  
                              # (degrees) 
    float     ipa;            # Instrument rotator position angle.  
                              # (degrees) 
    float     ipaRate;        # Instrument rotator angular velocity.  
                              # (deg/sec) 
    double    az;             # Azimuth (encoder) of telescope. (degrees) 
    double    alt;            # Altitude (encoder) of telescope.  
                              # (degrees) 
} FRAMEINFO;

frameinfo 8 51582.18004523 -9999 -9999 -9999 -9999 -9999 -9999 -9999 
frameinfo 9 51582.18046224 94.415059 0.000000 270.000 266.598 -0.0129 355.928456 57.135034 
frameinfo 10 51582.18087706 94.265296 0.000000 270.000 266.136 -0.0129 355.377477 57.116249 
frameinfo 11 51582.18129164 94.115617 0.000000 270.000 265.674 -0.0129 354.827401 57.095056 
frameinfo 12 51582.18171120 93.964140 0.000000 270.000 265.207 -0.0129 354.271402 57.071149 
frameinfo 13 51582.18212579 93.814461 0.000000 270.000 264.747 -0.0128 353.722734 57.045127 
frameinfo 14 51582.18254049 93.664740 0.000000 270.000 264.287 -0.0128 353.174715 57.016715 
frameinfo 15 51582.18295508 93.515061 0.000000 270.000 263.828 -0.0128 352.627728 56.985906 
frameinfo 16 51582.18336978 93.365340 0.000000 270.000 263.370 -0.0128 352.081517 56.952736 
frameinfo 17 51582.18378436 93.215660 0.000000 270.000 262.913 -0.0127 351.536476 56.917178 
frameinfo 18 51582.18419906 93.065939 0.000000 270.000 262.458 -0.0127 350.992358 56.879244 
frameinfo 19 51582.18461851 92.914505 0.000000 270.000 261.998 -0.0127 350.443166 56.838491 
frameinfo 20 51582.18503321 92.764784 0.000000 270.000 261.544 -0.0126 349.901397 56.795837 
frameinfo 21 51582.18544779 92.615105 0.000000 270.000 261.092 -0.0126 349.361052 56.750847 
frameinfo 22 51582.18586249 92.465384 0.000000 270.000 260.642 -0.0126 348.821869 56.703542 
frameinfo 23 51582.18627708 92.315705 0.000000 270.000 260.192 -0.0125 348.284240 56.653903 
frameinfo 24 51582.18669178 92.165984 0.000000 270.000 259.745 -0.0125 347.747910 56.601944 
frameinfo 25 51582.18710636 92.016305 0.000000 270.000 259.298 -0.0124 347.213231 56.547711 
frameinfo 26 51582.18752095 91.866626 0.000000 270.000 258.854 -0.0124 346.680109 56.491202 
frameinfo 27 51582.18793565 91.716906 0.000000 270.000 258.411 -0.0123 346.148474 56.432385 
frameinfo 28 51582.18835035 91.567185 27.692977 270.000 257.969 -0.0123 345.618494 56.371331 
frameinfo 29 51582.18876493 91.417505 0.000000 270.000 257.530 -0.0122 345.090408 56.308020 
frameinfo 30 51582.18917963 91.267785 -16.108064 270.000 257.092 -0.0122 344.563948 56.242467 
frameinfo 31 51582.18959422 91.118105 0.000000 270.000 256.656 -0.0121 344.039464 56.174710 
frameinfo 32 51582.19000880 90.968426 0.000000 270.000 256.223 -0.0121 343.516872 56.104728 
frameinfo 33 51582.19042350 90.818704 0.000000 270.000 255.790 -0.0120 342.996063 56.032531 
frameinfo 34 51582.19083809 90.669025 -51.947623 270.000 255.361 -0.0120 342.477355 55.958196 
frameinfo 35 51582.19125279 90.519303 0.000000 270.000 254.933 -0.0119 341.960541 55.881652 
frameinfo 36 51582.19166737 90.369624 0.000000 270.000 254.507 -0.0119 341.445929 55.802985 
frameinfo 37 51582.19208208 90.219902 0.000000 270.000 254.083 -0.0118 340.933274 55.722164 
frameinfo 38 51582.19249666 90.070222 0.000000 270.000 253.662 -0.0117 340.422926 55.639225 
frameinfo 39 51582.19291136 89.920501 0.000000 270.000 253.243 -0.0117 339.914624 55.554157 
frameinfo 40 51582.19332595 89.770821 0.000000 270.000 252.826 -0.0116 339.408667 55.467045 
frameinfo 41 51582.19374065 89.621099 0.000000 270.000 252.411 -0.0115 338.904845 55.377815 
frameinfo 42 51582.19415524 89.471419 0.000000 270.000 251.999 -0.0115 338.403456 55.286556 
frameinfo 43 51582.19457005 89.321655 0.000000 270.000 251.589 -0.0114 337.904108 55.193213 
frameinfo 44 51582.19498453 89.172016 0.000000 270.000 251.181 -0.0113 337.407557 55.097903 
frameinfo 45 51582.19539923 89.022294 0.000000 270.000 250.776 -0.0113 336.913121 55.000532 
frameinfo 46 51582.19581382 88.872613 -75.425890 270.000 250.374 -0.0112 336.421223 54.901216 
frameinfo 47 51582.19622852 88.722891 0.000000 270.000 249.973 -0.0111 335.931650 54.799885 
frameinfo 48 51582.19664311 88.573210 0.000000 270.000 249.576 -0.0111 335.444689 54.696624 
frameinfo 49 51582.19705781 88.423487 0.000000 270.000 249.181 -0.0110 334.960076 54.591410 
frameinfo 50 51582.19747239 88.273807 0.000000 270.000 248.788 -0.0109 334.478145 54.484280 
frameinfo 51 51582.19788698 88.124126 0.000000 270.000 248.399 -0.0108 333.998757 54.375247 
frameinfo 52 51582.19830168 87.974403 0.000000 270.000 248.011 -0.0108 333.521782 54.264314 
frameinfo 53 51582.19871627 87.824722 0.000000 270.000 247.627 -0.0107 333.047534 54.151535 
frameinfo 54 51582.19913097 87.674999 0.000000 270.000 247.245 -0.0106 332.575766 54.036864 
frameinfo 55 51582.19954556 87.525318 76.752757 270.000 246.866 -0.0106 332.106726 53.920411 
frameinfo 56 51582.19996015 87.375637 0.000000 270.000 246.489 -0.0105 331.640334 53.802130 
frameinfo 57 51582.20037496 87.225872 0.000000 270.000 246.115 -0.0104 331.176339 53.681979 
frameinfo 58 51582.20078955 87.076191 -15.960897 270.000 245.744 -0.0103 330.715262 53.560118 
frameinfo 59 51582.20120413 86.926511 0.000000 270.000 245.376 -0.0102 330.256832 53.436518 
frameinfo 60 51582.20161884 86.776788 0.000000 270.000 245.010 -0.0102 329.800984 53.311117 
frameinfo 61 51582.20203342 86.627107 0.000000 270.000 244.647 -0.0101 329.347922 53.184054 
frameinfo 62 51582.20244812 86.477384 0.000000 270.000 244.287 -0.0100 328.897467 53.055220 
frameinfo 63 51582.20286271 86.327702 0.000000 270.000 243.930 -0.0099 328.449842 52.924736 
frameinfo 64 51582.20327741 86.177979 0.000000 270.000 243.575 -0.0099 328.004796 52.792551 
frameinfo 65 51582.20369199 86.028298 0.000000 270.000 243.224 -0.0098 327.562576 52.658764 
frameinfo 66 51582.20410658 85.878617 0.000000 270.000 242.875 -0.0097 327.123098 52.523324 
frameinfo 67 51582.20452128 85.728894 0.000000 270.000 242.529 -0.0096 326.686194 52.386252 
frameinfo 68 51582.20493586 85.579213 0.000000 270.000 242.185 -0.0095 326.252155 52.247604 
frameinfo 69 51582.20535056 85.429490 0.000000 270.000 241.845 -0.0095 325.820725 52.107332 
frameinfo 70 51582.20576515 85.279808 0.000000 270.000 241.507 -0.0094 325.392113 51.965558 
frameinfo 71 51582.20617984 85.130085 0.000000 270.000 241.172 -0.0093 324.966126 51.822184 
frameinfo 72 51582.20659443 84.980403 0.000000 270.000 240.840 -0.0092 324.542982 51.677319 
frameinfo 73 51582.20700913 84.830680 0.000000 270.000 240.511 -0.0091 324.122435 51.530905 
frameinfo 74 51582.20742371 84.680998 0.000000 270.000 240.184 -0.0091 323.704693 51.383061 
frameinfo 75 51582.20783841 84.531274 0.000000 270.000 239.860 -0.0090 323.289565 51.233684 
frameinfo 76 51582.20825300 84.381592 0.000000 270.000 239.539 -0.0089 322.877246 51.082900 
frameinfo 77 51582.20866770 84.231868 0.000000 270.000 239.221 -0.0088 322.467505 50.930638 
frameinfo 78 51582.20908228 84.082185 0.000000 270.000 238.906 -0.0088 322.060584 50.776982 
frameinfo 79 51582.20949698 83.932461 0.000000 270.000 238.593 -0.0087 321.656230 50.621879 
frameinfo 80 51582.20991156 83.782778 60.694172 270.000 238.283 -0.0086 321.254637 50.465451 
frameinfo 81 51582.21032627 83.633053 0.000000 270.000 237.976 -0.0085 320.855617 50.307591 
frameinfo 82 51582.21074085 83.483370 0.000000 270.000 237.672 -0.0085 320.459355 50.148426 
frameinfo 83 51582.21115555 83.333644 0.000000 270.000 237.370 -0.0084 320.065618 49.987886 
frameinfo 84 51582.21157014 83.183961 0.000000 270.000 237.071 -0.0083 319.674645 49.826054 
frameinfo 85 51582.21198484 83.034235 0.000000 270.000 236.775 -0.0082 319.286182 49.662873 
frameinfo 8 51582.18004523 -9999 -9999 -9999 -9999 -9999 -9999 -9999 
frameinfo 9 51582.18046224 94.415059 0.000000 270.000 266.598 -0.0129 355.928456 57.135034 
frameinfo 10 51582.18087706 94.265296 0.000000 270.000 266.136 -0.0129 355.377477 57.116249 
frameinfo 11 51582.18129164 94.115617 0.000000 270.000 265.674 -0.0129 354.827401 57.095056 
frameinfo 12 51582.18171120 93.964140 0.000000 270.000 265.207 -0.0129 354.271402 57.071149 
frameinfo 13 51582.18212579 93.814461 0.000000 270.000 264.747 -0.0128 353.722734 57.045127 
frameinfo 14 51582.18254049 93.664740 0.000000 270.000 264.287 -0.0128 353.174715 57.016715 
frameinfo 15 51582.18295508 93.515061 0.000000 270.000 263.828 -0.0128 352.627728 56.985906 
frameinfo 16 51582.18336978 93.365340 0.000000 270.000 263.370 -0.0128 352.081517 56.952736 
frameinfo 17 51582.18378436 93.215660 0.000000 270.000 262.913 -0.0127 351.536476 56.917178 
frameinfo 18 51582.18419906 93.065939 0.000000 270.000 262.458 -0.0127 350.992358 56.879244 
frameinfo 19 51582.18461851 92.914505 0.000000 270.000 261.998 -0.0127 350.443166 56.838491 
frameinfo 20 51582.18503321 92.764784 0.000000 270.000 261.544 -0.0126 349.901397 56.795837 
frameinfo 21 51582.18544779 92.615105 0.000000 270.000 261.092 -0.0126 349.361052 56.750847 
frameinfo 22 51582.18586249 92.465384 0.000000 270.000 260.642 -0.0126 348.821869 56.703542 
frameinfo 23 51582.18627708 92.315705 0.000000 270.000 260.192 -0.0125 348.284240 56.653903 
frameinfo 24 51582.18669178 92.165984 0.000000 270.000 259.745 -0.0125 347.747910 56.601944 
frameinfo 25 51582.18710636 92.016305 0.000000 270.000 259.298 -0.0124 347.213231 56.547711 
frameinfo 26 51582.18752095 91.866626 0.000000 270.000 258.854 -0.0124 346.680109 56.491202 
frameinfo 27 51582.18793565 91.716906 0.000000 270.000 258.411 -0.0123 346.148474 56.432385 
frameinfo 28 51582.18835035 91.567185 27.692977 270.000 257.969 -0.0123 345.618494 56.371331 
frameinfo 29 51582.18876493 91.417505 0.000000 270.000 257.530 -0.0122 345.090408 56.308020 
frameinfo 30 51582.18917963 91.267785 -16.108064 270.000 257.092 -0.0122 344.563948 56.242467 
frameinfo 31 51582.18959422 91.118105 0.000000 270.000 256.656 -0.0121 344.039464 56.174710 
frameinfo 32 51582.19000880 90.968426 0.000000 270.000 256.223 -0.0121 343.516872 56.104728 
frameinfo 33 51582.19042350 90.818704 0.000000 270.000 255.790 -0.0120 342.996063 56.032531 
frameinfo 34 51582.19083809 90.669025 -51.947623 270.000 255.361 -0.0120 342.477355 55.958196 
frameinfo 35 51582.19125279 90.519303 0.000000 270.000 254.933 -0.0119 341.960541 55.881652 
frameinfo 36 51582.19166737 90.369624 0.000000 270.000 254.507 -0.0119 341.445929 55.802985 
frameinfo 37 51582.19208208 90.219902 0.000000 270.000 254.083 -0.0118 340.933274 55.722164 
frameinfo 38 51582.19249666 90.070222 0.000000 270.000 253.662 -0.0117 340.422926 55.639225 
frameinfo 39 51582.19291136 89.920501 0.000000 270.000 253.243 -0.0117 339.914624 55.554157 
frameinfo 40 51582.19332595 89.770821 0.000000 270.000 252.826 -0.0116 339.408667 55.467045 
frameinfo 41 51582.19374065 89.621099 0.000000 270.000 252.411 -0.0115 338.904845 55.377815 
frameinfo 42 51582.19415524 89.471419 0.000000 270.000 251.999 -0.0115 338.403456 55.286556 
frameinfo 43 51582.19457005 89.321655 0.000000 270.000 251.589 -0.0114 337.904108 55.193213 
frameinfo 44 51582.19498453 89.172016 0.000000 270.000 251.181 -0.0113 337.407557 55.097903 
frameinfo 45 51582.19539923 89.022294 0.000000 270.000 250.776 -0.0113 336.913121 55.000532 
frameinfo 46 51582.19581382 88.872613 -75.425890 270.000 250.374 -0.0112 336.421223 54.901216 
frameinfo 47 51582.19622852 88.722891 0.000000 270.000 249.973 -0.0111 335.931650 54.799885 
frameinfo 48 51582.19664311 88.573210 0.000000 270.000 249.576 -0.0111 335.444689 54.696624 
frameinfo 49 51582.19705781 88.423487 0.000000 270.000 249.181 -0.0110 334.960076 54.591410 
frameinfo 50 51582.19747239 88.273807 0.000000 270.000 248.788 -0.0109 334.478145 54.484280 
frameinfo 51 51582.19788698 88.124126 0.000000 270.000 248.399 -0.0108 333.998757 54.375247 
frameinfo 52 51582.19830168 87.974403 0.000000 270.000 248.011 -0.0108 333.521782 54.264314 
frameinfo 53 51582.19871627 87.824722 0.000000 270.000 247.627 -0.0107 333.047534 54.151535 
frameinfo 54 51582.19913097 87.674999 0.000000 270.000 247.245 -0.0106 332.575766 54.036864 
frameinfo 55 51582.19954556 87.525318 76.752757 270.000 246.866 -0.0106 332.106726 53.920411 
frameinfo 56 51582.19996015 87.375637 0.000000 270.000 246.489 -0.0105 331.640334 53.802130 
frameinfo 57 51582.20037496 87.225872 0.000000 270.000 246.115 -0.0104 331.176339 53.681979 
frameinfo 58 51582.20078955 87.076191 -15.960897 270.000 245.744 -0.0103 330.715262 53.560118 
frameinfo 59 51582.20120413 86.926511 0.000000 270.000 245.376 -0.0102 330.256832 53.436518 
frameinfo 60 51582.20161884 86.776788 0.000000 270.000 245.010 -0.0102 329.800984 53.311117 
frameinfo 61 51582.20203342 86.627107 0.000000 270.000 244.647 -0.0101 329.347922 53.184054 
frameinfo 62 51582.20244812 86.477384 0.000000 270.000 244.287 -0.0100 328.897467 53.055220 
frameinfo 63 51582.20286271 86.327702 0.000000 270.000 243.930 -0.0099 328.449842 52.924736 
frameinfo 64 51582.20327741 86.177979 0.000000 270.000 243.575 -0.0099 328.004796 52.792551 
frameinfo 65 51582.20369199 86.028298 0.000000 270.000 243.224 -0.0098 327.562576 52.658764 
frameinfo 66 51582.20410658 85.878617 0.000000 270.000 242.875 -0.0097 327.123098 52.523324 
frameinfo 67 51582.20452128 85.728894 0.000000 270.000 242.529 -0.0096 326.686194 52.386252 
frameinfo 68 51582.20493586 85.579213 0.000000 270.000 242.185 -0.0095 326.252155 52.247604 
frameinfo 69 51582.20535056 85.429490 0.000000 270.000 241.845 -0.0095 325.820725 52.107332 
frameinfo 70 51582.20576515 85.279808 0.000000 270.000 241.507 -0.0094 325.392113 51.965558 
frameinfo 71 51582.20617984 85.130085 0.000000 270.000 241.172 -0.0093 324.966126 51.822184 
frameinfo 72 51582.20659443 84.980403 0.000000 270.000 240.840 -0.0092 324.542982 51.677319 
frameinfo 73 51582.20700913 84.830680 0.000000 270.000 240.511 -0.0091 324.122435 51.530905 
frameinfo 74 51582.20742371 84.680998 0.000000 270.000 240.184 -0.0091 323.704693 51.383061 
frameinfo 75 51582.20783841 84.531274 0.000000 270.000 239.860 -0.0090 323.289565 51.233684 
frameinfo 76 51582.20825300 84.381592 0.000000 270.000 239.539 -0.0089 322.877246 51.082900 
frameinfo 77 51582.20866770 84.231868 0.000000 270.000 239.221 -0.0088 322.467505 50.930638 
frameinfo 78 51582.20908228 84.082185 0.000000 270.000 238.906 -0.0088 322.060584 50.776982 
frameinfo 79 51582.20949698 83.932461 0.000000 270.000 238.593 -0.0087 321.656230 50.621879 
frameinfo 80 51582.20991156 83.782778 60.694172 270.000 238.283 -0.0086 321.254637 50.465451 
frameinfo 81 51582.21032627 83.633053 0.000000 270.000 237.976 -0.0085 320.855617 50.307591 
frameinfo 82 51582.21074085 83.483370 0.000000 270.000 237.672 -0.0085 320.459355 50.148426 
frameinfo 83 51582.21115555 83.333644 0.000000 270.000 237.370 -0.0084 320.065618 49.987886 
frameinfo 84 51582.21157014 83.183961 0.000000 270.000 237.071 -0.0083 319.674645 49.826054 
frameinfo 85 51582.21198484 83.034235 0.000000 270.000 236.775 -0.0082 319.286182 49.662873 
frameinfo 8 51582.18004523 -9999 -9999 -9999 -9999 -9999 -9999 -9999 
frameinfo 9 51582.18046224 94.415059 0.000000 270.000 266.598 -0.0129 355.928456 57.135034 
frameinfo 10 51582.18087706 94.265296 0.000000 270.000 266.136 -0.0129 355.377477 57.116249 
frameinfo 11 51582.18129164 94.115617 0.000000 270.000 265.674 -0.0129 354.827401 57.095056 
frameinfo 12 51582.18171120 93.964140 0.000000 270.000 265.207 -0.0129 354.271402 57.071149 
frameinfo 13 51582.18212579 93.814461 0.000000 270.000 264.747 -0.0128 353.722734 57.045127 
frameinfo 14 51582.18254049 93.664740 0.000000 270.000 264.287 -0.0128 353.174715 57.016715 
frameinfo 15 51582.18295508 93.515061 0.000000 270.000 263.828 -0.0128 352.627728 56.985906 
frameinfo 16 51582.18336978 93.365340 0.000000 270.000 263.370 -0.0128 352.081517 56.952736 
frameinfo 17 51582.18378436 93.215660 0.000000 270.000 262.913 -0.0127 351.536476 56.917178 
frameinfo 18 51582.18419906 93.065939 0.000000 270.000 262.458 -0.0127 350.992358 56.879244 
frameinfo 19 51582.18461851 92.914505 0.000000 270.000 261.998 -0.0127 350.443166 56.838491 
frameinfo 20 51582.18503321 92.764784 0.000000 270.000 261.544 -0.0126 349.901397 56.795837 
frameinfo 21 51582.18544779 92.615105 0.000000 270.000 261.092 -0.0126 349.361052 56.750847 
frameinfo 22 51582.18586249 92.465384 0.000000 270.000 260.642 -0.0126 348.821869 56.703542 
frameinfo 23 51582.18627708 92.315705 0.000000 270.000 260.192 -0.0125 348.284240 56.653903 
frameinfo 24 51582.18669178 92.165984 0.000000 270.000 259.745 -0.0125 347.747910 56.601944 
frameinfo 25 51582.18710636 92.016305 0.000000 270.000 259.298 -0.0124 347.213231 56.547711 
frameinfo 26 51582.18752095 91.866626 0.000000 270.000 258.854 -0.0124 346.680109 56.491202 
frameinfo 27 51582.18793565 91.716906 0.000000 270.000 258.411 -0.0123 346.148474 56.432385 
frameinfo 28 51582.18835035 91.567185 27.692977 270.000 257.969 -0.0123 345.618494 56.371331 
frameinfo 29 51582.18876493 91.417505 0.000000 270.000 257.530 -0.0122 345.090408 56.308020 
frameinfo 30 51582.18917963 91.267785 -16.108064 270.000 257.092 -0.0122 344.563948 56.242467 
frameinfo 31 51582.18959422 91.118105 0.000000 270.000 256.656 -0.0121 344.039464 56.174710 
frameinfo 32 51582.19000880 90.968426 0.000000 270.000 256.223 -0.0121 343.516872 56.104728 
frameinfo 33 51582.19042350 90.818704 0.000000 270.000 255.790 -0.0120 342.996063 56.032531 
frameinfo 34 51582.19083809 90.669025 -51.947623 270.000 255.361 -0.0120 342.477355 55.958196 
frameinfo 35 51582.19125279 90.519303 0.000000 270.000 254.933 -0.0119 341.960541 55.881652 
frameinfo 36 51582.19166737 90.369624 0.000000 270.000 254.507 -0.0119 341.445929 55.802985 
frameinfo 37 51582.19208208 90.219902 0.000000 270.000 254.083 -0.0118 340.933274 55.722164 
frameinfo 38 51582.19249666 90.070222 0.000000 270.000 253.662 -0.0117 340.422926 55.639225 
frameinfo 39 51582.19291136 89.920501 0.000000 270.000 253.243 -0.0117 339.914624 55.554157 
frameinfo 40 51582.19332595 89.770821 0.000000 270.000 252.826 -0.0116 339.408667 55.467045 
frameinfo 41 51582.19374065 89.621099 0.000000 270.000 252.411 -0.0115 338.904845 55.377815 
frameinfo 42 51582.19415524 89.471419 0.000000 270.000 251.999 -0.0115 338.403456 55.286556 
frameinfo 43 51582.19457005 89.321655 0.000000 270.000 251.589 -0.0114 337.904108 55.193213 
frameinfo 44 51582.19498453 89.172016 0.000000 270.000 251.181 -0.0113 337.407557 55.097903 
frameinfo 45 51582.19539923 89.022294 0.000000 270.000 250.776 -0.0113 336.913121 55.000532 
frameinfo 46 51582.19581382 88.872613 -75.425890 270.000 250.374 -0.0112 336.421223 54.901216 
frameinfo 47 51582.19622852 88.722891 0.000000 270.000 249.973 -0.0111 335.931650 54.799885 
frameinfo 48 51582.19664311 88.573210 0.000000 270.000 249.576 -0.0111 335.444689 54.696624 
frameinfo 49 51582.19705781 88.423487 0.000000 270.000 249.181 -0.0110 334.960076 54.591410 
frameinfo 50 51582.19747239 88.273807 0.000000 270.000 248.788 -0.0109 334.478145 54.484280 
frameinfo 51 51582.19788698 88.124126 0.000000 270.000 248.399 -0.0108 333.998757 54.375247 
frameinfo 52 51582.19830168 87.974403 0.000000 270.000 248.011 -0.0108 333.521782 54.264314 
frameinfo 53 51582.19871627 87.824722 0.000000 270.000 247.627 -0.0107 333.047534 54.151535 
frameinfo 54 51582.19913097 87.674999 0.000000 270.000 247.245 -0.0106 332.575766 54.036864 
frameinfo 55 51582.19954556 87.525318 76.752757 270.000 246.866 -0.0106 332.106726 53.920411 
frameinfo 56 51582.19996015 87.375637 0.000000 270.000 246.489 -0.0105 331.640334 53.802130 
frameinfo 57 51582.20037496 87.225872 0.000000 270.000 246.115 -0.0104 331.176339 53.681979 
frameinfo 58 51582.20078955 87.076191 -15.960897 270.000 245.744 -0.0103 330.715262 53.560118 
frameinfo 59 51582.20120413 86.926511 0.000000 270.000 245.376 -0.0102 330.256832 53.436518 
frameinfo 60 51582.20161884 86.776788 0.000000 270.000 245.010 -0.0102 329.800984 53.311117 
frameinfo 61 51582.20203342 86.627107 0.000000 270.000 244.647 -0.0101 329.347922 53.184054 
frameinfo 62 51582.20244812 86.477384 0.000000 270.000 244.287 -0.0100 328.897467 53.055220 
frameinfo 63 51582.20286271 86.327702 0.000000 270.000 243.930 -0.0099 328.449842 52.924736 
frameinfo 64 51582.20327741 86.177979 0.000000 270.000 243.575 -0.0099 328.004796 52.792551 
frameinfo 65 51582.20369199 86.028298 0.000000 270.000 243.224 -0.0098 327.562576 52.658764 
frameinfo 66 51582.20410658 85.878617 0.000000 270.000 242.875 -0.0097 327.123098 52.523324 
frameinfo 67 51582.20452128 85.728894 0.000000 270.000 242.529 -0.0096 326.686194 52.386252 
frameinfo 68 51582.20493586 85.579213 0.000000 270.000 242.185 -0.0095 326.252155 52.247604 
frameinfo 69 51582.20535056 85.429490 0.000000 270.000 241.845 -0.0095 325.820725 52.107332 
frameinfo 70 51582.20576515 85.279808 0.000000 270.000 241.507 -0.0094 325.392113 51.965558 
frameinfo 71 51582.20617984 85.130085 0.000000 270.000 241.172 -0.0093 324.966126 51.822184 
frameinfo 72 51582.20659443 84.980403 0.000000 270.000 240.840 -0.0092 324.542982 51.677319 
frameinfo 73 51582.20700913 84.830680 0.000000 270.000 240.511 -0.0091 324.122435 51.530905 
frameinfo 74 51582.20742371 84.680998 0.000000 270.000 240.184 -0.0091 323.704693 51.383061 
frameinfo 75 51582.20783841 84.531274 0.000000 270.000 239.860 -0.0090 323.289565 51.233684 
frameinfo 76 51582.20825300 84.381592 0.000000 270.000 239.539 -0.0089 322.877246 51.082900 
frameinfo 77 51582.20866770 84.231868 0.000000 270.000 239.221 -0.0088 322.467505 50.930638 
frameinfo 78 51582.20908228 84.082185 0.000000 270.000 238.906 -0.0088 322.060584 50.776982 
frameinfo 79 51582.20949698 83.932461 0.000000 270.000 238.593 -0.0087 321.656230 50.621879 
frameinfo 80 51582.20991156 83.782778 60.694172 270.000 238.283 -0.0086 321.254637 50.465451 
frameinfo 81 51582.21032627 83.633053 0.000000 270.000 237.976 -0.0085 320.855617 50.307591 
frameinfo 82 51582.21074085 83.483370 0.000000 270.000 237.672 -0.0085 320.459355 50.148426 
frameinfo 83 51582.21115555 83.333644 0.000000 270.000 237.370 -0.0084 320.065618 49.987886 
frameinfo 84 51582.21157014 83.183961 0.000000 270.000 237.071 -0.0083 319.674645 49.826054 
frameinfo 85 51582.21198484 83.034235 0.000000 270.000 236.775 -0.0082 319.286182 49.662873 
