run                 1122                 # Imaging run number. 
cpu                 1                 # cpu ID
mjd		    51582		 # mjd
version		    /p/astroda/v14_11    # version of astroda

typedef struct {
    int       frame;          # Frame number. 
    double    mjd;            # MJD at time r' row 0 is clocked. (MJD = TAI/86400.0 for this mjd) 
    double    ra;             # Right ascension/longitude of boresight when r' row 0 is clocked. (degrees) 
    double    dec;            # Declination/latitude of boresight when r' row 0 is clocked. (degrees) 
    float     spa;            # Camera col position angle wrt north.  
                              # (degrees) 
    float     ipa;            # Instrument rotator position angle.  
                              # (degrees) 
    float     ipaRate;        # Instrument rotator angular velocity.  
                              # (deg/sec) 
    double    az;             # Azimuth (encoder) of telescope. (degrees) 
    double    alt;            # Altitude (encoder) of telescope.  
                              # (degrees) 
} FRAMEINFO;

frameinfo 8 51582.31271669 125.301976 0.000000 90.000 63.190 0.0000 327.520945 52.529566 
frameinfo 9 51582.31313382 125.452585 0.000000 90.000 63.190 0.0000 327.520991 52.529585 
frameinfo 10 51582.31354852 125.602317 0.000000 90.000 63.190 0.0000 327.521037 52.529603 
frameinfo 11 51582.31396322 125.752049 0.000000 90.000 63.190 0.0000 327.521083 52.529621 
frameinfo 12 51582.31437781 125.901739 1.897786 90.000 63.190 0.0000 327.521129 52.529640 
frameinfo 13 51582.31479251 126.051471 0.000000 90.000 63.190 0.0000 327.521174 52.529658 
frameinfo 14 51582.31520709 126.201161 0.000000 90.000 63.190 0.0000 327.521220 52.529677 
frameinfo 15 51582.31562179 126.350893 0.000000 90.000 63.190 0.0000 327.521266 52.529695 
frameinfo 16 51582.31603638 126.500583 0.000000 90.000 63.190 0.0000 327.521312 52.529713 
frameinfo 17 51582.31645108 126.650315 0.000000 90.000 63.190 0.0000 327.521357 52.529732 
frameinfo 18 51582.31686567 126.800005 0.000000 90.000 63.190 0.0000 327.521403 52.529750 
frameinfo 19 51582.31728037 126.949737 0.000000 90.000 63.190 0.0000 327.521449 52.529769 
frameinfo 20 51582.31769495 127.099427 0.000000 90.000 63.190 0.0000 327.521495 52.529787 
frameinfo 21 51582.31810965 127.249159 -39.552051 90.000 63.190 0.0000 327.521540 52.529806 
frameinfo 22 51582.31852424 127.398849 0.000000 90.000 63.190 0.0000 327.521586 52.529824 
frameinfo 23 51582.31893882 127.548539 0.000000 90.000 63.190 0.0000 327.521632 52.529842 
frameinfo 24 51582.31935352 127.698271 0.000000 90.000 63.191 0.0000 327.521678 52.529861 
frameinfo 25 51582.31976811 127.847961 43.019778 90.000 63.191 0.0000 327.521723 52.529879 
frameinfo 26 51582.32018292 127.997734 0.000000 90.000 63.191 0.0000 327.521769 52.529898 
frameinfo 27 51582.32059751 128.147425 29.872361 90.000 63.191 0.0000 327.521815 52.529916 
frameinfo 28 51582.32101209 128.297115 0.000000 90.000 63.191 0.0000 327.521860 52.529935 
frameinfo 29 51582.32142667 128.446805 0.000000 90.000 63.191 0.0000 327.521906 52.529953 
frameinfo 30 51582.32184137 128.596537 46.582422 90.000 63.191 0.0000 327.521952 52.529971 
frameinfo 31 51582.32225596 128.746227 0.000000 90.000 63.191 0.0000 327.521997 52.529990 
frameinfo 32 51582.32267066 128.895959 0.000000 90.000 63.191 0.0000 327.522043 52.530008 
frameinfo 33 51582.32308524 129.045650 0.000000 90.000 63.191 0.0000 327.522089 52.530027 
frameinfo 34 51582.32349994 129.195382 0.000000 90.000 63.191 0.0000 327.522135 52.530045 
frameinfo 35 51582.32391453 129.345073 0.000000 90.000 63.191 0.0000 327.522180 52.530064 
frameinfo 36 51582.32432923 129.494805 34.734961 90.000 63.191 0.0000 327.522226 52.530082 
frameinfo 37 51582.32474381 129.644496 0.000000 90.000 63.191 0.0000 327.522272 52.530101 
frameinfo 38 51582.32515840 129.794187 0.000000 90.000 63.191 0.0000 327.522318 52.530119 
frameinfo 39 51582.32557310 129.943920 0.000000 90.000 63.191 0.0000 327.522363 52.530138 
frameinfo 40 51582.32598768 130.093611 0.000000 90.000 63.191 0.0000 327.522409 52.530156 
frameinfo 41 51582.32640239 130.243343 0.000000 90.000 63.191 0.0000 327.522455 52.530175 
frameinfo 42 51582.32681697 130.393035 0.000000 90.000 63.191 0.0000 327.522500 52.530193 
frameinfo 43 51582.32723167 130.542767 0.000000 90.000 63.191 0.0000 327.522546 52.530212 
frameinfo 44 51582.32764626 130.692458 0.000000 90.000 63.191 0.0000 327.522592 52.530230 
frameinfo 45 51582.32806096 130.842192 -18.355893 90.000 63.191 0.0000 327.522637 52.530249 
frameinfo 46 51582.32847554 130.991883 -1.943850 90.000 63.191 0.0000 327.522683 52.530267 
frameinfo 47 51582.32889024 131.141616 0.000000 90.000 63.191 0.0000 327.522729 52.530286 
frameinfo 48 51582.32930483 131.291307 0.000000 90.000 63.191 0.0000 327.522774 52.530304 
frameinfo 49 51582.32971953 131.441040 0.000000 90.000 63.191 0.0000 327.522820 52.530323 
frameinfo 50 51582.33013412 131.590732 0.000000 90.000 63.191 0.0000 327.522866 52.530341 
frameinfo 51 51582.33054882 131.740465 0.000000 90.000 63.191 0.0000 327.522911 52.530360 
frameinfo 52 51582.33096340 131.890157 -12.499015 90.000 63.191 0.0000 327.522957 52.530378 
frameinfo 53 51582.33137799 132.039849 0.000000 90.000 63.192 0.0000 327.523003 52.530397 
frameinfo 54 51582.33179269 132.189582 20.806669 90.000 63.192 0.0000 327.523048 52.530415 
frameinfo 55 51582.33220728 132.339274 0.000000 90.000 63.192 0.0000 327.523094 52.530434 
frameinfo 56 51582.33262198 132.489008 0.000000 90.000 63.192 0.0000 327.523140 52.530452 
frameinfo 57 51582.33303656 132.638699 0.000000 90.000 63.192 0.0000 327.523185 52.530471 
frameinfo 58 51582.33345127 132.788433 0.000000 90.000 63.192 0.0000 327.523231 52.530489 
frameinfo 59 51582.33386585 132.938124 0.000000 90.000 63.192 0.0000 327.523277 52.530508 
frameinfo 60 51582.33428055 133.087858 68.754349 90.000 63.192 0.0000 327.523322 52.530527 
frameinfo 61 51582.33469514 133.237550 0.000000 90.000 63.192 0.0000 327.523368 52.530545 
frameinfo 62 51582.33510984 133.387283 0.000000 90.000 63.192 0.0000 327.523414 52.530564 
frameinfo 63 51582.33552442 133.536975 0.000000 90.000 63.192 0.0000 327.523459 52.530582 
frameinfo 64 51582.33593913 133.686709 0.000000 90.000 63.192 0.0000 327.523505 52.530601 
frameinfo 65 51582.33635371 133.836401 0.000000 90.000 63.192 0.0000 327.523551 52.530619 
frameinfo 66 51582.33676841 133.986135 0.000000 90.000 63.192 0.0000 327.523596 52.530638 
frameinfo 67 51582.33718300 134.135826 -86.604270 90.000 63.192 0.0000 327.523642 52.530656 
frameinfo 68 51582.33759758 134.285518 0.000000 90.000 63.192 0.0000 327.523687 52.530675 
frameinfo 69 51582.33801228 134.435252 -34.428137 90.000 63.192 0.0000 327.523733 52.530693 
frameinfo 70 51582.33842687 134.584944 0.000000 90.000 63.192 0.0000 327.523779 52.530712 
frameinfo 71 51582.33884157 134.734678 0.000000 90.000 63.192 0.0000 327.523824 52.530731 
frameinfo 72 51582.33925615 134.884370 0.000000 90.000 63.192 0.0000 327.523870 52.530749 
frameinfo 73 51582.33967085 135.034104 -9.811273 90.000 63.192 0.0000 327.523916 52.530768 
frameinfo 74 51582.34008544 135.183797 0.000000 90.000 63.192 0.0000 327.523961 52.530786 
frameinfo 75 51582.34050014 135.333531 -17.201135 90.000 63.192 0.0000 327.524007 52.530805 
frameinfo 76 51582.34091473 135.483223 -26.963004 90.000 63.192 0.0000 327.524052 52.530823 
frameinfo 77 51582.34132943 135.632957 0.000000 90.000 63.192 0.0000 327.524098 52.530842 
frameinfo 78 51582.34174401 135.782650 0.000000 90.000 63.192 0.0000 327.524144 52.530861 
frameinfo 79 51582.34215871 135.932384 0.000000 90.000 63.192 0.0000 327.524189 52.530879 
frameinfo 80 51582.34257330 136.082076 0.000000 90.000 63.192 0.0000 327.524235 52.530898 
frameinfo 81 51582.34298800 136.231811 0.000000 90.000 63.193 0.0000 327.524281 52.530916 
frameinfo 82 51582.34340258 136.381503 0.000000 90.000 63.193 0.0000 327.524326 52.530935 
frameinfo 83 51582.34381729 136.531237 0.000000 90.000 63.193 0.0000 327.524372 52.530953 
frameinfo 84 51582.34423187 136.680930 -84.005973 90.000 63.193 0.0000 327.524418 52.530972 
frameinfo 85 51582.34464646 136.830622 0.000000 90.000 63.193 0.0000 327.524463 52.530991 
frameinfo 86 51582.34506116 136.980357 0.000000 90.000 63.193 0.0000 327.524509 52.531009 
frameinfo 87 51582.34547574 137.130050 0.000000 90.000 63.193 0.0000 327.524554 52.531028 
frameinfo 88 51582.34589044 137.279784 0.000000 90.000 63.193 0.0000 327.524600 52.531046 
frameinfo 89 51582.34630503 137.429477 0.000000 90.000 63.193 0.0000 327.524646 52.531065 
frameinfo 90 51582.34671973 137.579212 42.581932 90.000 63.193 0.0000 327.524691 52.531084 
frameinfo 91 51582.34713431 137.728904 0.000000 90.000 63.193 0.0000 327.524737 52.531102 
frameinfo 92 51582.34754901 137.878639 0.000000 90.000 63.193 0.0000 327.524782 52.531121 
frameinfo 93 51582.34796360 138.028332 0.000000 90.000 63.193 0.0000 327.524828 52.531139 
frameinfo 94 51582.34837830 138.178067 55.789966 90.000 63.193 0.0000 327.524874 52.531158 
frameinfo 95 51582.34879288 138.327760 0.000000 90.000 63.193 0.0000 327.524919 52.531177 
frameinfo 96 51582.34920759 138.477494 0.000000 90.000 63.193 0.0000 327.524965 52.531195 
frameinfo 97 51582.34962217 138.627187 35.176414 90.000 63.193 0.0000 327.525010 52.531214 
frameinfo 98 51582.35003676 138.776880 0.000000 90.000 63.193 0.0000 327.525056 52.531232 
frameinfo 99 51582.35045146 138.926616 0.000000 90.000 63.193 0.0000 327.525102 52.531251 
frameinfo 100 51582.35086604 139.076309 0.000000 90.000 63.193 0.0000 327.525147 52.531270 
frameinfo 101 51582.35128074 139.226044 0.000000 90.000 63.193 0.0000 327.525193 52.531288 
frameinfo 102 51582.35169533 139.375737 0.000000 90.000 63.193 0.0000 327.525238 52.531307 
frameinfo 103 51582.35211003 139.525472 0.000000 90.000 63.193 0.0000 327.525284 52.531325 
frameinfo 104 51582.35252461 139.675165 -0.584086 90.000 63.193 0.0000 327.525330 52.531344 
frameinfo 105 51582.35293931 139.824900 0.000000 90.000 63.193 0.0000 327.525375 52.531363 
frameinfo 106 51582.35335390 139.974594 0.000000 90.000 63.193 0.0000 327.525421 52.531381 
frameinfo 107 51582.35376860 140.124329 0.000000 90.000 63.193 0.0000 327.525466 52.531400 
frameinfo 108 51582.35418319 140.274023 0.000000 90.000 63.193 0.0000 327.525512 52.531419 
frameinfo 109 51582.35459789 140.423758 0.000000 90.000 63.194 0.0000 327.525558 52.531437 
frameinfo 110 51582.35501247 140.573451 0.000000 90.000 63.194 0.0000 327.525603 52.531456 
frameinfo 111 51582.35542717 140.723187 0.000000 90.000 63.194 0.0000 327.525649 52.531474 
frameinfo 112 51582.35584176 140.872881 0.000000 90.000 63.194 0.0000 327.525694 52.531493 
frameinfo 113 51582.35625634 141.022574 0.000000 90.000 63.194 0.0000 327.525740 52.531512 
frameinfo 114 51582.35667104 141.172310 0.000000 90.000 63.194 0.0000 327.525786 52.531530 
frameinfo 115 51582.35708563 141.322003 -49.020064 90.000 63.194 0.0000 327.525831 52.531549 
frameinfo 116 51582.35750033 141.471739 0.000000 90.000 63.194 0.0000 327.525877 52.531567 
frameinfo 117 51582.35791492 141.621433 0.000000 90.000 63.194 0.0000 327.525922 52.531586 
frameinfo 118 51582.35832962 141.771169 0.000000 90.000 63.194 0.0000 327.525968 52.531605 
frameinfo 119 51582.35874420 141.920863 0.000000 90.000 63.194 0.0000 327.526013 52.531623 
frameinfo 120 51582.35915890 142.070599 0.000000 90.000 63.194 0.0000 327.526059 52.531642 
frameinfo 121 51582.35957349 142.220293 68.348761 90.000 63.194 0.0000 327.526105 52.531661 
frameinfo 122 51582.35998819 142.370029 0.000000 90.000 63.194 0.0000 327.526150 52.531679 
frameinfo 123 51582.36040278 142.519723 0.000000 90.000 63.194 0.0000 327.526196 52.531698 
frameinfo 124 51582.36081748 142.669459 -12.125544 90.000 63.194 0.0000 327.526241 52.531717 
frameinfo 125 51582.36123206 142.819154 -5.006446 90.000 63.194 0.0000 327.526287 52.531735 
frameinfo 126 51582.36164676 142.968890 0.000000 90.000 63.194 0.0000 327.526333 52.531754 
frameinfo 127 51582.36206135 143.118584 -5.035961 90.000 63.194 0.0000 327.526378 52.531772 
frameinfo 128 51582.36247594 143.268279 0.000000 90.000 63.194 0.0000 327.526424 52.531791 
frameinfo 129 51582.36289064 143.418015 0.000000 90.000 63.194 0.0000 327.526469 52.531810 
frameinfo 130 51582.36330522 143.567710 0.000000 90.000 63.194 0.0000 327.526515 52.531828 
frameinfo 131 51582.36371993 143.717446 -40.403888 90.000 63.194 0.0000 327.526560 52.531847 
frameinfo 8 51582.31271669 125.301976 0.000000 90.000 63.190 0.0000 327.520945 52.529566 
frameinfo 9 51582.31313382 125.452585 0.000000 90.000 63.190 0.0000 327.520991 52.529585 
frameinfo 10 51582.31354852 125.602317 0.000000 90.000 63.190 0.0000 327.521037 52.529603 
frameinfo 11 51582.31396322 125.752049 0.000000 90.000 63.190 0.0000 327.521083 52.529621 
frameinfo 12 51582.31437781 125.901739 1.897786 90.000 63.190 0.0000 327.521129 52.529640 
frameinfo 13 51582.31479251 126.051471 0.000000 90.000 63.190 0.0000 327.521174 52.529658 
frameinfo 14 51582.31520709 126.201161 0.000000 90.000 63.190 0.0000 327.521220 52.529677 
frameinfo 15 51582.31562179 126.350893 0.000000 90.000 63.190 0.0000 327.521266 52.529695 
frameinfo 16 51582.31603638 126.500583 0.000000 90.000 63.190 0.0000 327.521312 52.529713 
frameinfo 17 51582.31645108 126.650315 0.000000 90.000 63.190 0.0000 327.521357 52.529732 
frameinfo 18 51582.31686567 126.800005 0.000000 90.000 63.190 0.0000 327.521403 52.529750 
frameinfo 19 51582.31728037 126.949737 0.000000 90.000 63.190 0.0000 327.521449 52.529769 
frameinfo 20 51582.31769495 127.099427 0.000000 90.000 63.190 0.0000 327.521495 52.529787 
frameinfo 21 51582.31810965 127.249159 -39.552051 90.000 63.190 0.0000 327.521540 52.529806 
frameinfo 22 51582.31852424 127.398849 0.000000 90.000 63.190 0.0000 327.521586 52.529824 
frameinfo 23 51582.31893882 127.548539 0.000000 90.000 63.190 0.0000 327.521632 52.529842 
frameinfo 24 51582.31935352 127.698271 0.000000 90.000 63.191 0.0000 327.521678 52.529861 
frameinfo 25 51582.31976811 127.847961 43.019778 90.000 63.191 0.0000 327.521723 52.529879 
frameinfo 26 51582.32018292 127.997734 0.000000 90.000 63.191 0.0000 327.521769 52.529898 
frameinfo 27 51582.32059751 128.147425 29.872361 90.000 63.191 0.0000 327.521815 52.529916 
frameinfo 28 51582.32101209 128.297115 0.000000 90.000 63.191 0.0000 327.521860 52.529935 
frameinfo 29 51582.32142667 128.446805 0.000000 90.000 63.191 0.0000 327.521906 52.529953 
frameinfo 30 51582.32184137 128.596537 46.582422 90.000 63.191 0.0000 327.521952 52.529971 
frameinfo 31 51582.32225596 128.746227 0.000000 90.000 63.191 0.0000 327.521997 52.529990 
frameinfo 32 51582.32267066 128.895959 0.000000 90.000 63.191 0.0000 327.522043 52.530008 
frameinfo 33 51582.32308524 129.045650 0.000000 90.000 63.191 0.0000 327.522089 52.530027 
frameinfo 34 51582.32349994 129.195382 0.000000 90.000 63.191 0.0000 327.522135 52.530045 
frameinfo 35 51582.32391453 129.345073 0.000000 90.000 63.191 0.0000 327.522180 52.530064 
frameinfo 36 51582.32432923 129.494805 34.734961 90.000 63.191 0.0000 327.522226 52.530082 
frameinfo 37 51582.32474381 129.644496 0.000000 90.000 63.191 0.0000 327.522272 52.530101 
frameinfo 38 51582.32515840 129.794187 0.000000 90.000 63.191 0.0000 327.522318 52.530119 
frameinfo 39 51582.32557310 129.943920 0.000000 90.000 63.191 0.0000 327.522363 52.530138 
frameinfo 40 51582.32598768 130.093611 0.000000 90.000 63.191 0.0000 327.522409 52.530156 
frameinfo 41 51582.32640239 130.243343 0.000000 90.000 63.191 0.0000 327.522455 52.530175 
frameinfo 42 51582.32681697 130.393035 0.000000 90.000 63.191 0.0000 327.522500 52.530193 
frameinfo 43 51582.32723167 130.542767 0.000000 90.000 63.191 0.0000 327.522546 52.530212 
frameinfo 44 51582.32764626 130.692458 0.000000 90.000 63.191 0.0000 327.522592 52.530230 
frameinfo 45 51582.32806096 130.842192 -18.355893 90.000 63.191 0.0000 327.522637 52.530249 
frameinfo 46 51582.32847554 130.991883 -1.943850 90.000 63.191 0.0000 327.522683 52.530267 
frameinfo 47 51582.32889024 131.141616 0.000000 90.000 63.191 0.0000 327.522729 52.530286 
frameinfo 48 51582.32930483 131.291307 0.000000 90.000 63.191 0.0000 327.522774 52.530304 
frameinfo 49 51582.32971953 131.441040 0.000000 90.000 63.191 0.0000 327.522820 52.530323 
frameinfo 50 51582.33013412 131.590732 0.000000 90.000 63.191 0.0000 327.522866 52.530341 
frameinfo 51 51582.33054882 131.740465 0.000000 90.000 63.191 0.0000 327.522911 52.530360 
frameinfo 52 51582.33096340 131.890157 -12.499015 90.000 63.191 0.0000 327.522957 52.530378 
frameinfo 53 51582.33137799 132.039849 0.000000 90.000 63.192 0.0000 327.523003 52.530397 
frameinfo 54 51582.33179269 132.189582 20.806669 90.000 63.192 0.0000 327.523048 52.530415 
frameinfo 55 51582.33220728 132.339274 0.000000 90.000 63.192 0.0000 327.523094 52.530434 
frameinfo 56 51582.33262198 132.489008 0.000000 90.000 63.192 0.0000 327.523140 52.530452 
frameinfo 57 51582.33303656 132.638699 0.000000 90.000 63.192 0.0000 327.523185 52.530471 
frameinfo 58 51582.33345127 132.788433 0.000000 90.000 63.192 0.0000 327.523231 52.530489 
frameinfo 59 51582.33386585 132.938124 0.000000 90.000 63.192 0.0000 327.523277 52.530508 
frameinfo 60 51582.33428055 133.087858 68.754349 90.000 63.192 0.0000 327.523322 52.530527 
frameinfo 61 51582.33469514 133.237550 0.000000 90.000 63.192 0.0000 327.523368 52.530545 
frameinfo 62 51582.33510984 133.387283 0.000000 90.000 63.192 0.0000 327.523414 52.530564 
frameinfo 63 51582.33552442 133.536975 0.000000 90.000 63.192 0.0000 327.523459 52.530582 
frameinfo 64 51582.33593913 133.686709 0.000000 90.000 63.192 0.0000 327.523505 52.530601 
frameinfo 65 51582.33635371 133.836401 0.000000 90.000 63.192 0.0000 327.523551 52.530619 
frameinfo 66 51582.33676841 133.986135 0.000000 90.000 63.192 0.0000 327.523596 52.530638 
frameinfo 67 51582.33718300 134.135826 -86.604270 90.000 63.192 0.0000 327.523642 52.530656 
frameinfo 68 51582.33759758 134.285518 0.000000 90.000 63.192 0.0000 327.523687 52.530675 
frameinfo 69 51582.33801228 134.435252 -34.428137 90.000 63.192 0.0000 327.523733 52.530693 
frameinfo 70 51582.33842687 134.584944 0.000000 90.000 63.192 0.0000 327.523779 52.530712 
frameinfo 71 51582.33884157 134.734678 0.000000 90.000 63.192 0.0000 327.523824 52.530731 
frameinfo 72 51582.33925615 134.884370 0.000000 90.000 63.192 0.0000 327.523870 52.530749 
frameinfo 73 51582.33967085 135.034104 -9.811273 90.000 63.192 0.0000 327.523916 52.530768 
frameinfo 74 51582.34008544 135.183797 0.000000 90.000 63.192 0.0000 327.523961 52.530786 
frameinfo 75 51582.34050014 135.333531 -17.201135 90.000 63.192 0.0000 327.524007 52.530805 
frameinfo 76 51582.34091473 135.483223 -26.963004 90.000 63.192 0.0000 327.524052 52.530823 
frameinfo 77 51582.34132943 135.632957 0.000000 90.000 63.192 0.0000 327.524098 52.530842 
frameinfo 78 51582.34174401 135.782650 0.000000 90.000 63.192 0.0000 327.524144 52.530861 
frameinfo 79 51582.34215871 135.932384 0.000000 90.000 63.192 0.0000 327.524189 52.530879 
frameinfo 80 51582.34257330 136.082076 0.000000 90.000 63.192 0.0000 327.524235 52.530898 
frameinfo 81 51582.34298800 136.231811 0.000000 90.000 63.193 0.0000 327.524281 52.530916 
frameinfo 82 51582.34340258 136.381503 0.000000 90.000 63.193 0.0000 327.524326 52.530935 
frameinfo 83 51582.34381729 136.531237 0.000000 90.000 63.193 0.0000 327.524372 52.530953 
frameinfo 84 51582.34423187 136.680930 -84.005973 90.000 63.193 0.0000 327.524418 52.530972 
frameinfo 85 51582.34464646 136.830622 0.000000 90.000 63.193 0.0000 327.524463 52.530991 
frameinfo 86 51582.34506116 136.980357 0.000000 90.000 63.193 0.0000 327.524509 52.531009 
frameinfo 87 51582.34547574 137.130050 0.000000 90.000 63.193 0.0000 327.524554 52.531028 
frameinfo 88 51582.34589044 137.279784 0.000000 90.000 63.193 0.0000 327.524600 52.531046 
frameinfo 89 51582.34630503 137.429477 0.000000 90.000 63.193 0.0000 327.524646 52.531065 
frameinfo 90 51582.34671973 137.579212 42.581932 90.000 63.193 0.0000 327.524691 52.531084 
frameinfo 91 51582.34713431 137.728904 0.000000 90.000 63.193 0.0000 327.524737 52.531102 
frameinfo 92 51582.34754901 137.878639 0.000000 90.000 63.193 0.0000 327.524782 52.531121 
frameinfo 93 51582.34796360 138.028332 0.000000 90.000 63.193 0.0000 327.524828 52.531139 
frameinfo 94 51582.34837830 138.178067 55.789966 90.000 63.193 0.0000 327.524874 52.531158 
frameinfo 95 51582.34879288 138.327760 0.000000 90.000 63.193 0.0000 327.524919 52.531177 
frameinfo 96 51582.34920759 138.477494 0.000000 90.000 63.193 0.0000 327.524965 52.531195 
frameinfo 97 51582.34962217 138.627187 35.176414 90.000 63.193 0.0000 327.525010 52.531214 
frameinfo 98 51582.35003676 138.776880 0.000000 90.000 63.193 0.0000 327.525056 52.531232 
frameinfo 99 51582.35045146 138.926616 0.000000 90.000 63.193 0.0000 327.525102 52.531251 
frameinfo 100 51582.35086604 139.076309 0.000000 90.000 63.193 0.0000 327.525147 52.531270 
frameinfo 101 51582.35128074 139.226044 0.000000 90.000 63.193 0.0000 327.525193 52.531288 
frameinfo 102 51582.35169533 139.375737 0.000000 90.000 63.193 0.0000 327.525238 52.531307 
frameinfo 103 51582.35211003 139.525472 0.000000 90.000 63.193 0.0000 327.525284 52.531325 
frameinfo 104 51582.35252461 139.675165 -0.584086 90.000 63.193 0.0000 327.525330 52.531344 
frameinfo 105 51582.35293931 139.824900 0.000000 90.000 63.193 0.0000 327.525375 52.531363 
frameinfo 106 51582.35335390 139.974594 0.000000 90.000 63.193 0.0000 327.525421 52.531381 
frameinfo 107 51582.35376860 140.124329 0.000000 90.000 63.193 0.0000 327.525466 52.531400 
frameinfo 108 51582.35418319 140.274023 0.000000 90.000 63.193 0.0000 327.525512 52.531419 
frameinfo 109 51582.35459789 140.423758 0.000000 90.000 63.194 0.0000 327.525558 52.531437 
frameinfo 110 51582.35501247 140.573451 0.000000 90.000 63.194 0.0000 327.525603 52.531456 
frameinfo 111 51582.35542717 140.723187 0.000000 90.000 63.194 0.0000 327.525649 52.531474 
frameinfo 112 51582.35584176 140.872881 0.000000 90.000 63.194 0.0000 327.525694 52.531493 
frameinfo 113 51582.35625634 141.022574 0.000000 90.000 63.194 0.0000 327.525740 52.531512 
frameinfo 114 51582.35667104 141.172310 0.000000 90.000 63.194 0.0000 327.525786 52.531530 
frameinfo 115 51582.35708563 141.322003 -49.020064 90.000 63.194 0.0000 327.525831 52.531549 
frameinfo 116 51582.35750033 141.471739 0.000000 90.000 63.194 0.0000 327.525877 52.531567 
frameinfo 117 51582.35791492 141.621433 0.000000 90.000 63.194 0.0000 327.525922 52.531586 
frameinfo 118 51582.35832962 141.771169 0.000000 90.000 63.194 0.0000 327.525968 52.531605 
frameinfo 119 51582.35874420 141.920863 0.000000 90.000 63.194 0.0000 327.526013 52.531623 
frameinfo 120 51582.35915890 142.070599 0.000000 90.000 63.194 0.0000 327.526059 52.531642 
frameinfo 121 51582.35957349 142.220293 68.348761 90.000 63.194 0.0000 327.526105 52.531661 
frameinfo 122 51582.35998819 142.370029 0.000000 90.000 63.194 0.0000 327.526150 52.531679 
frameinfo 123 51582.36040278 142.519723 0.000000 90.000 63.194 0.0000 327.526196 52.531698 
frameinfo 124 51582.36081748 142.669459 -12.125544 90.000 63.194 0.0000 327.526241 52.531717 
frameinfo 125 51582.36123206 142.819154 -5.006446 90.000 63.194 0.0000 327.526287 52.531735 
frameinfo 126 51582.36164676 142.968890 0.000000 90.000 63.194 0.0000 327.526333 52.531754 
frameinfo 127 51582.36206135 143.118584 -5.035961 90.000 63.194 0.0000 327.526378 52.531772 
frameinfo 128 51582.36247594 143.268279 0.000000 90.000 63.194 0.0000 327.526424 52.531791 
frameinfo 129 51582.36289064 143.418015 0.000000 90.000 63.194 0.0000 327.526469 52.531810 
frameinfo 130 51582.36330522 143.567710 0.000000 90.000 63.194 0.0000 327.526515 52.531828 
frameinfo 131 51582.36371993 143.717446 -40.403888 90.000 63.194 0.0000 327.526560 52.531847 
frameinfo 8 51582.31271669 125.301976 0.000000 90.000 63.190 0.0000 327.520945 52.529566 
frameinfo 9 51582.31313382 125.452585 0.000000 90.000 63.190 0.0000 327.520991 52.529585 
frameinfo 10 51582.31354852 125.602317 0.000000 90.000 63.190 0.0000 327.521037 52.529603 
frameinfo 11 51582.31396322 125.752049 0.000000 90.000 63.190 0.0000 327.521083 52.529621 
frameinfo 12 51582.31437781 125.901739 1.897786 90.000 63.190 0.0000 327.521129 52.529640 
frameinfo 13 51582.31479251 126.051471 0.000000 90.000 63.190 0.0000 327.521174 52.529658 
frameinfo 14 51582.31520709 126.201161 0.000000 90.000 63.190 0.0000 327.521220 52.529677 
frameinfo 15 51582.31562179 126.350893 0.000000 90.000 63.190 0.0000 327.521266 52.529695 
frameinfo 16 51582.31603638 126.500583 0.000000 90.000 63.190 0.0000 327.521312 52.529713 
frameinfo 17 51582.31645108 126.650315 0.000000 90.000 63.190 0.0000 327.521357 52.529732 
frameinfo 18 51582.31686567 126.800005 0.000000 90.000 63.190 0.0000 327.521403 52.529750 
frameinfo 19 51582.31728037 126.949737 0.000000 90.000 63.190 0.0000 327.521449 52.529769 
frameinfo 20 51582.31769495 127.099427 0.000000 90.000 63.190 0.0000 327.521495 52.529787 
frameinfo 21 51582.31810965 127.249159 -39.552051 90.000 63.190 0.0000 327.521540 52.529806 
frameinfo 22 51582.31852424 127.398849 0.000000 90.000 63.190 0.0000 327.521586 52.529824 
frameinfo 23 51582.31893882 127.548539 0.000000 90.000 63.190 0.0000 327.521632 52.529842 
frameinfo 24 51582.31935352 127.698271 0.000000 90.000 63.191 0.0000 327.521678 52.529861 
frameinfo 25 51582.31976811 127.847961 43.019778 90.000 63.191 0.0000 327.521723 52.529879 
frameinfo 26 51582.32018292 127.997734 0.000000 90.000 63.191 0.0000 327.521769 52.529898 
frameinfo 27 51582.32059751 128.147425 29.872361 90.000 63.191 0.0000 327.521815 52.529916 
frameinfo 28 51582.32101209 128.297115 0.000000 90.000 63.191 0.0000 327.521860 52.529935 
frameinfo 29 51582.32142667 128.446805 0.000000 90.000 63.191 0.0000 327.521906 52.529953 
frameinfo 30 51582.32184137 128.596537 46.582422 90.000 63.191 0.0000 327.521952 52.529971 
frameinfo 31 51582.32225596 128.746227 0.000000 90.000 63.191 0.0000 327.521997 52.529990 
frameinfo 32 51582.32267066 128.895959 0.000000 90.000 63.191 0.0000 327.522043 52.530008 
frameinfo 33 51582.32308524 129.045650 0.000000 90.000 63.191 0.0000 327.522089 52.530027 
frameinfo 34 51582.32349994 129.195382 0.000000 90.000 63.191 0.0000 327.522135 52.530045 
frameinfo 35 51582.32391453 129.345073 0.000000 90.000 63.191 0.0000 327.522180 52.530064 
frameinfo 36 51582.32432923 129.494805 34.734961 90.000 63.191 0.0000 327.522226 52.530082 
frameinfo 37 51582.32474381 129.644496 0.000000 90.000 63.191 0.0000 327.522272 52.530101 
frameinfo 38 51582.32515840 129.794187 0.000000 90.000 63.191 0.0000 327.522318 52.530119 
frameinfo 39 51582.32557310 129.943920 0.000000 90.000 63.191 0.0000 327.522363 52.530138 
frameinfo 40 51582.32598768 130.093611 0.000000 90.000 63.191 0.0000 327.522409 52.530156 
frameinfo 41 51582.32640239 130.243343 0.000000 90.000 63.191 0.0000 327.522455 52.530175 
frameinfo 42 51582.32681697 130.393035 0.000000 90.000 63.191 0.0000 327.522500 52.530193 
frameinfo 43 51582.32723167 130.542767 0.000000 90.000 63.191 0.0000 327.522546 52.530212 
frameinfo 44 51582.32764626 130.692458 0.000000 90.000 63.191 0.0000 327.522592 52.530230 
frameinfo 45 51582.32806096 130.842192 -18.355893 90.000 63.191 0.0000 327.522637 52.530249 
frameinfo 46 51582.32847554 130.991883 -1.943850 90.000 63.191 0.0000 327.522683 52.530267 
frameinfo 47 51582.32889024 131.141616 0.000000 90.000 63.191 0.0000 327.522729 52.530286 
frameinfo 48 51582.32930483 131.291307 0.000000 90.000 63.191 0.0000 327.522774 52.530304 
frameinfo 49 51582.32971953 131.441040 0.000000 90.000 63.191 0.0000 327.522820 52.530323 
frameinfo 50 51582.33013412 131.590732 0.000000 90.000 63.191 0.0000 327.522866 52.530341 
frameinfo 51 51582.33054882 131.740465 0.000000 90.000 63.191 0.0000 327.522911 52.530360 
frameinfo 52 51582.33096340 131.890157 -12.499015 90.000 63.191 0.0000 327.522957 52.530378 
frameinfo 53 51582.33137799 132.039849 0.000000 90.000 63.192 0.0000 327.523003 52.530397 
frameinfo 54 51582.33179269 132.189582 20.806669 90.000 63.192 0.0000 327.523048 52.530415 
frameinfo 55 51582.33220728 132.339274 0.000000 90.000 63.192 0.0000 327.523094 52.530434 
frameinfo 56 51582.33262198 132.489008 0.000000 90.000 63.192 0.0000 327.523140 52.530452 
frameinfo 57 51582.33303656 132.638699 0.000000 90.000 63.192 0.0000 327.523185 52.530471 
frameinfo 58 51582.33345127 132.788433 0.000000 90.000 63.192 0.0000 327.523231 52.530489 
frameinfo 59 51582.33386585 132.938124 0.000000 90.000 63.192 0.0000 327.523277 52.530508 
frameinfo 60 51582.33428055 133.087858 68.754349 90.000 63.192 0.0000 327.523322 52.530527 
frameinfo 61 51582.33469514 133.237550 0.000000 90.000 63.192 0.0000 327.523368 52.530545 
frameinfo 62 51582.33510984 133.387283 0.000000 90.000 63.192 0.0000 327.523414 52.530564 
frameinfo 63 51582.33552442 133.536975 0.000000 90.000 63.192 0.0000 327.523459 52.530582 
frameinfo 64 51582.33593913 133.686709 0.000000 90.000 63.192 0.0000 327.523505 52.530601 
frameinfo 65 51582.33635371 133.836401 0.000000 90.000 63.192 0.0000 327.523551 52.530619 
frameinfo 66 51582.33676841 133.986135 0.000000 90.000 63.192 0.0000 327.523596 52.530638 
frameinfo 67 51582.33718300 134.135826 -86.604270 90.000 63.192 0.0000 327.523642 52.530656 
frameinfo 68 51582.33759758 134.285518 0.000000 90.000 63.192 0.0000 327.523687 52.530675 
frameinfo 69 51582.33801228 134.435252 -34.428137 90.000 63.192 0.0000 327.523733 52.530693 
frameinfo 70 51582.33842687 134.584944 0.000000 90.000 63.192 0.0000 327.523779 52.530712 
frameinfo 71 51582.33884157 134.734678 0.000000 90.000 63.192 0.0000 327.523824 52.530731 
frameinfo 72 51582.33925615 134.884370 0.000000 90.000 63.192 0.0000 327.523870 52.530749 
frameinfo 73 51582.33967085 135.034104 -9.811273 90.000 63.192 0.0000 327.523916 52.530768 
frameinfo 74 51582.34008544 135.183797 0.000000 90.000 63.192 0.0000 327.523961 52.530786 
frameinfo 75 51582.34050014 135.333531 -17.201135 90.000 63.192 0.0000 327.524007 52.530805 
frameinfo 76 51582.34091473 135.483223 -26.963004 90.000 63.192 0.0000 327.524052 52.530823 
frameinfo 77 51582.34132943 135.632957 0.000000 90.000 63.192 0.0000 327.524098 52.530842 
frameinfo 78 51582.34174401 135.782650 0.000000 90.000 63.192 0.0000 327.524144 52.530861 
frameinfo 79 51582.34215871 135.932384 0.000000 90.000 63.192 0.0000 327.524189 52.530879 
frameinfo 80 51582.34257330 136.082076 0.000000 90.000 63.192 0.0000 327.524235 52.530898 
frameinfo 81 51582.34298800 136.231811 0.000000 90.000 63.193 0.0000 327.524281 52.530916 
frameinfo 82 51582.34340258 136.381503 0.000000 90.000 63.193 0.0000 327.524326 52.530935 
frameinfo 83 51582.34381729 136.531237 0.000000 90.000 63.193 0.0000 327.524372 52.530953 
frameinfo 84 51582.34423187 136.680930 -84.005973 90.000 63.193 0.0000 327.524418 52.530972 
frameinfo 85 51582.34464646 136.830622 0.000000 90.000 63.193 0.0000 327.524463 52.530991 
frameinfo 86 51582.34506116 136.980357 0.000000 90.000 63.193 0.0000 327.524509 52.531009 
frameinfo 87 51582.34547574 137.130050 0.000000 90.000 63.193 0.0000 327.524554 52.531028 
frameinfo 88 51582.34589044 137.279784 0.000000 90.000 63.193 0.0000 327.524600 52.531046 
frameinfo 89 51582.34630503 137.429477 0.000000 90.000 63.193 0.0000 327.524646 52.531065 
frameinfo 90 51582.34671973 137.579212 42.581932 90.000 63.193 0.0000 327.524691 52.531084 
frameinfo 91 51582.34713431 137.728904 0.000000 90.000 63.193 0.0000 327.524737 52.531102 
frameinfo 92 51582.34754901 137.878639 0.000000 90.000 63.193 0.0000 327.524782 52.531121 
frameinfo 93 51582.34796360 138.028332 0.000000 90.000 63.193 0.0000 327.524828 52.531139 
frameinfo 94 51582.34837830 138.178067 55.789966 90.000 63.193 0.0000 327.524874 52.531158 
frameinfo 95 51582.34879288 138.327760 0.000000 90.000 63.193 0.0000 327.524919 52.531177 
frameinfo 96 51582.34920759 138.477494 0.000000 90.000 63.193 0.0000 327.524965 52.531195 
frameinfo 97 51582.34962217 138.627187 35.176414 90.000 63.193 0.0000 327.525010 52.531214 
frameinfo 98 51582.35003676 138.776880 0.000000 90.000 63.193 0.0000 327.525056 52.531232 
frameinfo 99 51582.35045146 138.926616 0.000000 90.000 63.193 0.0000 327.525102 52.531251 
frameinfo 100 51582.35086604 139.076309 0.000000 90.000 63.193 0.0000 327.525147 52.531270 
frameinfo 101 51582.35128074 139.226044 0.000000 90.000 63.193 0.0000 327.525193 52.531288 
frameinfo 102 51582.35169533 139.375737 0.000000 90.000 63.193 0.0000 327.525238 52.531307 
frameinfo 103 51582.35211003 139.525472 0.000000 90.000 63.193 0.0000 327.525284 52.531325 
frameinfo 104 51582.35252461 139.675165 -0.584086 90.000 63.193 0.0000 327.525330 52.531344 
frameinfo 105 51582.35293931 139.824900 0.000000 90.000 63.193 0.0000 327.525375 52.531363 
frameinfo 106 51582.35335390 139.974594 0.000000 90.000 63.193 0.0000 327.525421 52.531381 
frameinfo 107 51582.35376860 140.124329 0.000000 90.000 63.193 0.0000 327.525466 52.531400 
frameinfo 108 51582.35418319 140.274023 0.000000 90.000 63.193 0.0000 327.525512 52.531419 
frameinfo 109 51582.35459789 140.423758 0.000000 90.000 63.194 0.0000 327.525558 52.531437 
frameinfo 110 51582.35501247 140.573451 0.000000 90.000 63.194 0.0000 327.525603 52.531456 
frameinfo 111 51582.35542717 140.723187 0.000000 90.000 63.194 0.0000 327.525649 52.531474 
frameinfo 112 51582.35584176 140.872881 0.000000 90.000 63.194 0.0000 327.525694 52.531493 
frameinfo 113 51582.35625634 141.022574 0.000000 90.000 63.194 0.0000 327.525740 52.531512 
frameinfo 114 51582.35667104 141.172310 0.000000 90.000 63.194 0.0000 327.525786 52.531530 
frameinfo 115 51582.35708563 141.322003 -49.020064 90.000 63.194 0.0000 327.525831 52.531549 
frameinfo 116 51582.35750033 141.471739 0.000000 90.000 63.194 0.0000 327.525877 52.531567 
frameinfo 117 51582.35791492 141.621433 0.000000 90.000 63.194 0.0000 327.525922 52.531586 
frameinfo 118 51582.35832962 141.771169 0.000000 90.000 63.194 0.0000 327.525968 52.531605 
frameinfo 119 51582.35874420 141.920863 0.000000 90.000 63.194 0.0000 327.526013 52.531623 
frameinfo 120 51582.35915890 142.070599 0.000000 90.000 63.194 0.0000 327.526059 52.531642 
frameinfo 121 51582.35957349 142.220293 68.348761 90.000 63.194 0.0000 327.526105 52.531661 
frameinfo 122 51582.35998819 142.370029 0.000000 90.000 63.194 0.0000 327.526150 52.531679 
frameinfo 123 51582.36040278 142.519723 0.000000 90.000 63.194 0.0000 327.526196 52.531698 
frameinfo 124 51582.36081748 142.669459 -12.125544 90.000 63.194 0.0000 327.526241 52.531717 
frameinfo 125 51582.36123206 142.819154 -5.006446 90.000 63.194 0.0000 327.526287 52.531735 
frameinfo 126 51582.36164676 142.968890 0.000000 90.000 63.194 0.0000 327.526333 52.531754 
frameinfo 127 51582.36206135 143.118584 -5.035961 90.000 63.194 0.0000 327.526378 52.531772 
frameinfo 128 51582.36247594 143.268279 0.000000 90.000 63.194 0.0000 327.526424 52.531791 
frameinfo 129 51582.36289064 143.418015 0.000000 90.000 63.194 0.0000 327.526469 52.531810 
frameinfo 130 51582.36330522 143.567710 0.000000 90.000 63.194 0.0000 327.526515 52.531828 
frameinfo 131 51582.36371993 143.717446 -40.403888 90.000 63.194 0.0000 327.526560 52.531847 
