run                 1120                 # Imaging run number. 
cpu                 10                 # cpu ID
mjd		    51582		 # mjd
version		    /p/astroda/v14_11    # version of astroda

typedef struct {
    int       frame;          # Frame number. 
    double    mjd;            # MJD at time r' row 0 is clocked. (MJD = TAI/86400.0 for this mjd) 
    double    ra;             # Right ascension/longitude of boresight when r' row 0 is clocked. (degrees) 
    double    dec;            # Declination/latitude of boresight when r' row 0 is clocked. (degrees) 
    float     spa;            # Camera col position angle wrt north.  
                              # (degrees) 
    float     ipa;            # Instrument rotator position angle.  
                              # (degrees) 
    float     ipaRate;        # Instrument rotator angular velocity.  
                              # (deg/sec) 
    double    az;             # Azimuth (encoder) of telescope. (degrees) 
    double    alt;            # Altitude (encoder) of telescope.  
                              # (degrees) 
} FRAMEINFO;

frameinfo 8 51582.26669186 186.077525 64.996180 90.977 194.330 0.0032 150.513848 42.641712 
frameinfo 9 51582.26676305 186.138324 64.995671 91.032 194.350 0.0032 150.508592 42.627470 
frameinfo 10 51582.26717775 186.492544 64.992555 91.353 194.465 0.0032 150.477748 42.544360 
frameinfo 11 51582.26759245 186.846671 64.988602 91.674 194.579 0.0032 150.446256 42.461386 
frameinfo 12 51582.26800704 187.200583 64.983808 91.994 194.694 0.0032 150.414121 42.378568 
frameinfo 13 51582.26842174 187.554457 64.978179 92.315 194.807 0.0032 150.381335 42.295866 
frameinfo 14 51582.26883632 187.908072 64.971713 92.635 194.921 0.0032 150.347918 42.213326 
frameinfo 15 51582.26925103 188.261605 64.964407 92.956 195.034 0.0031 150.313849 42.130902 
frameinfo 16 51582.26966561 188.614836 64.956272 93.276 195.146 0.0031 150.279160 42.048645 
frameinfo 17 51582.27008032 188.967940 64.947295 93.596 195.258 0.0031 150.243823 41.966505 
frameinfo 18 51582.27049490 189.320698 64.937487 93.915 195.370 0.0031 150.207865 41.884533 
frameinfo 19 51582.27090949 189.673187 64.926846 94.235 195.481 0.0031 150.171282 41.802707 
frameinfo 20 51582.27132419 190.025486 64.915375 94.554 195.592 0.0031 150.134070 41.721009 
frameinfo 21 51582.27173878 190.377374 64.903071 94.872 195.703 0.0031 150.096240 41.639479 
frameinfo 22 51582.27215348 190.729027 64.889936 95.191 195.813 0.0031 150.057785 41.558079 
frameinfo 23 51582.27256807 191.080228 64.875978 95.509 195.923 0.0031 150.018726 41.476853 
frameinfo 24 51582.27298277 191.431152 64.861186 95.826 196.032 0.0030 149.979039 41.395756 
frameinfo 25 51582.27339736 191.781583 64.845578 96.144 196.141 0.0030 149.938760 41.314840 
frameinfo 26 51582.27381206 192.131693 64.829135 96.461 196.250 0.0030 149.897855 41.234054 
frameinfo 27 51582.27422665 192.481268 64.811876 96.777 196.358 0.0030 149.856358 41.153447 
frameinfo 28 51582.27464135 192.830484 64.793792 97.093 196.466 0.0030 149.814248 41.072977 
frameinfo 29 51582.27505594 193.179125 64.774897 97.408 196.574 0.0030 149.771555 40.992692 
frameinfo 30 51582.27547053 193.527267 64.755182 97.723 196.681 0.0030 149.728260 40.912566 
frameinfo 31 51582.27588523 193.874989 64.734647 98.038 196.788 0.0030 149.684361 40.832580 
frameinfo 32 51582.27629982 194.222077 64.713308 98.352 196.894 0.0030 149.639887 40.752782 
frameinfo 33 51582.27671452 194.568704 64.691147 98.665 197.000 0.0030 149.594806 40.673126 
frameinfo 34 51582.27712911 194.914659 64.668186 98.978 197.106 0.0029 149.549155 40.593658 
frameinfo 35 51582.27754381 195.260115 64.644413 99.290 197.212 0.0029 149.502908 40.514338 
frameinfo 36 51582.27795840 195.604859 64.619839 99.601 197.317 0.0029 149.456091 40.435207 
frameinfo 37 51582.27837311 195.949071 64.594462 99.912 197.421 0.0029 149.408688 40.356226 
frameinfo 38 51582.27878769 196.292531 64.568286 100.223 197.526 0.0029 149.360716 40.277437 
frameinfo 39 51582.27920240 196.635418 64.541306 100.532 197.630 0.0029 149.312157 40.198799 
frameinfo 40 51582.27961698 196.977524 64.513539 100.841 197.733 0.0029 149.263043 40.120357 
frameinfo 41 51582.28003157 197.318927 64.484984 101.149 197.837 0.0029 149.213364 40.042092 
frameinfo 42 51582.28044628 197.659701 64.455628 101.457 197.940 0.0029 149.163102 39.963981 
frameinfo 43 51582.28086086 197.999642 64.425497 101.763 198.042 0.0029 149.112293 39.886069 
frameinfo 44 51582.28127557 198.338923 64.394572 102.069 198.144 0.0028 149.060909 39.808315 
frameinfo 45 51582.28169015 198.677334 64.362873 102.374 198.246 0.0028 149.008978 39.730762 
frameinfo 46 51582.28210485 199.015051 64.330387 102.679 198.348 0.0028 148.956476 39.653368 
frameinfo 47 51582.28251944 199.351872 64.297137 102.982 198.449 0.0028 148.903439 39.576179 
frameinfo 48 51582.28293414 199.687964 64.263105 103.285 198.550 0.0028 148.849834 39.499152 
frameinfo 49 51582.28334873 200.023127 64.228312 103.587 198.651 0.0028 148.795695 39.422331 
frameinfo 50 51582.28376343 200.357535 64.192747 103.888 198.751 0.0028 148.740998 39.345676 
frameinfo 51 51582.28417802 200.690980 64.156425 104.188 198.851 0.0028 148.685766 39.269227 
frameinfo 52 51582.28459261 201.023546 64.119345 104.488 198.950 0.0028 148.629995 39.192967 
frameinfo 53 51582.28500731 201.355312 64.081501 104.786 199.050 0.0028 148.573671 39.116876 
frameinfo 54 51582.28542190 201.686072 64.042910 105.083 199.149 0.0028 148.516822 39.040994 
frameinfo 55 51582.28583660 202.016006 64.003562 105.380 199.247 0.0028 148.459425 38.965285 
frameinfo 8 51582.26669186 186.077525 64.996180 90.977 194.330 0.0032 150.513848 42.641712 
frameinfo 9 51582.26676305 186.138324 64.995671 91.032 194.350 0.0032 150.508592 42.627470 
frameinfo 10 51582.26717775 186.492544 64.992555 91.353 194.465 0.0032 150.477748 42.544360 
frameinfo 11 51582.26759245 186.846671 64.988602 91.674 194.579 0.0032 150.446256 42.461386 
frameinfo 12 51582.26800704 187.200583 64.983808 91.994 194.694 0.0032 150.414121 42.378568 
frameinfo 13 51582.26842174 187.554457 64.978179 92.315 194.807 0.0032 150.381335 42.295866 
frameinfo 14 51582.26883632 187.908072 64.971713 92.635 194.921 0.0032 150.347918 42.213326 
frameinfo 15 51582.26925103 188.261605 64.964407 92.956 195.034 0.0031 150.313849 42.130902 
frameinfo 16 51582.26966561 188.614836 64.956272 93.276 195.146 0.0031 150.279160 42.048645 
frameinfo 17 51582.27008032 188.967940 64.947295 93.596 195.258 0.0031 150.243823 41.966505 
frameinfo 18 51582.27049490 189.320698 64.937487 93.915 195.370 0.0031 150.207865 41.884533 
frameinfo 19 51582.27090949 189.673187 64.926846 94.235 195.481 0.0031 150.171282 41.802707 
frameinfo 20 51582.27132419 190.025486 64.915375 94.554 195.592 0.0031 150.134070 41.721009 
frameinfo 21 51582.27173878 190.377374 64.903071 94.872 195.703 0.0031 150.096240 41.639479 
frameinfo 22 51582.27215348 190.729027 64.889936 95.191 195.813 0.0031 150.057785 41.558079 
frameinfo 23 51582.27256807 191.080228 64.875978 95.509 195.923 0.0031 150.018726 41.476853 
frameinfo 24 51582.27298277 191.431152 64.861186 95.826 196.032 0.0030 149.979039 41.395756 
frameinfo 25 51582.27339736 191.781583 64.845578 96.144 196.141 0.0030 149.938760 41.314840 
frameinfo 26 51582.27381206 192.131693 64.829135 96.461 196.250 0.0030 149.897855 41.234054 
frameinfo 27 51582.27422665 192.481268 64.811876 96.777 196.358 0.0030 149.856358 41.153447 
frameinfo 28 51582.27464135 192.830484 64.793792 97.093 196.466 0.0030 149.814248 41.072977 
frameinfo 29 51582.27505594 193.179125 64.774897 97.408 196.574 0.0030 149.771555 40.992692 
frameinfo 30 51582.27547053 193.527267 64.755182 97.723 196.681 0.0030 149.728260 40.912566 
frameinfo 31 51582.27588523 193.874989 64.734647 98.038 196.788 0.0030 149.684361 40.832580 
frameinfo 32 51582.27629982 194.222077 64.713308 98.352 196.894 0.0030 149.639887 40.752782 
frameinfo 33 51582.27671452 194.568704 64.691147 98.665 197.000 0.0030 149.594806 40.673126 
frameinfo 34 51582.27712911 194.914659 64.668186 98.978 197.106 0.0029 149.549155 40.593658 
frameinfo 35 51582.27754381 195.260115 64.644413 99.290 197.212 0.0029 149.502908 40.514338 
frameinfo 36 51582.27795840 195.604859 64.619839 99.601 197.317 0.0029 149.456091 40.435207 
frameinfo 37 51582.27837311 195.949071 64.594462 99.912 197.421 0.0029 149.408688 40.356226 
frameinfo 38 51582.27878769 196.292531 64.568286 100.223 197.526 0.0029 149.360716 40.277437 
frameinfo 39 51582.27920240 196.635418 64.541306 100.532 197.630 0.0029 149.312157 40.198799 
frameinfo 40 51582.27961698 196.977524 64.513539 100.841 197.733 0.0029 149.263043 40.120357 
frameinfo 41 51582.28003157 197.318927 64.484984 101.149 197.837 0.0029 149.213364 40.042092 
frameinfo 42 51582.28044628 197.659701 64.455628 101.457 197.940 0.0029 149.163102 39.963981 
frameinfo 43 51582.28086086 197.999642 64.425497 101.763 198.042 0.0029 149.112293 39.886069 
frameinfo 44 51582.28127557 198.338923 64.394572 102.069 198.144 0.0028 149.060909 39.808315 
frameinfo 45 51582.28169015 198.677334 64.362873 102.374 198.246 0.0028 149.008978 39.730762 
frameinfo 46 51582.28210485 199.015051 64.330387 102.679 198.348 0.0028 148.956476 39.653368 
frameinfo 47 51582.28251944 199.351872 64.297137 102.982 198.449 0.0028 148.903439 39.576179 
frameinfo 48 51582.28293414 199.687964 64.263105 103.285 198.550 0.0028 148.849834 39.499152 
frameinfo 49 51582.28334873 200.023127 64.228312 103.587 198.651 0.0028 148.795695 39.422331 
frameinfo 50 51582.28376343 200.357535 64.192747 103.888 198.751 0.0028 148.740998 39.345676 
frameinfo 51 51582.28417802 200.690980 64.156425 104.188 198.851 0.0028 148.685766 39.269227 
frameinfo 52 51582.28459261 201.023546 64.119345 104.488 198.950 0.0028 148.629995 39.192967 
frameinfo 53 51582.28500731 201.355312 64.081501 104.786 199.050 0.0028 148.573671 39.116876 
frameinfo 54 51582.28542190 201.686072 64.042910 105.083 199.149 0.0028 148.516822 39.040994 
frameinfo 55 51582.28583660 202.016006 64.003562 105.380 199.247 0.0028 148.459425 38.965285 
frameinfo 8 51582.26669186 186.077525 64.996180 90.977 194.330 0.0032 150.513848 42.641712 
frameinfo 9 51582.26676305 186.138324 64.995671 91.032 194.350 0.0032 150.508592 42.627470 
frameinfo 10 51582.26717775 186.492544 64.992555 91.353 194.465 0.0032 150.477748 42.544360 
frameinfo 11 51582.26759245 186.846671 64.988602 91.674 194.579 0.0032 150.446256 42.461386 
frameinfo 12 51582.26800704 187.200583 64.983808 91.994 194.694 0.0032 150.414121 42.378568 
frameinfo 13 51582.26842174 187.554457 64.978179 92.315 194.807 0.0032 150.381335 42.295866 
frameinfo 14 51582.26883632 187.908072 64.971713 92.635 194.921 0.0032 150.347918 42.213326 
frameinfo 15 51582.26925103 188.261605 64.964407 92.956 195.034 0.0031 150.313849 42.130902 
frameinfo 16 51582.26966561 188.614836 64.956272 93.276 195.146 0.0031 150.279160 42.048645 
frameinfo 17 51582.27008032 188.967940 64.947295 93.596 195.258 0.0031 150.243823 41.966505 
frameinfo 18 51582.27049490 189.320698 64.937487 93.915 195.370 0.0031 150.207865 41.884533 
frameinfo 19 51582.27090949 189.673187 64.926846 94.235 195.481 0.0031 150.171282 41.802707 
frameinfo 20 51582.27132419 190.025486 64.915375 94.554 195.592 0.0031 150.134070 41.721009 
frameinfo 21 51582.27173878 190.377374 64.903071 94.872 195.703 0.0031 150.096240 41.639479 
frameinfo 22 51582.27215348 190.729027 64.889936 95.191 195.813 0.0031 150.057785 41.558079 
frameinfo 23 51582.27256807 191.080228 64.875978 95.509 195.923 0.0031 150.018726 41.476853 
frameinfo 24 51582.27298277 191.431152 64.861186 95.826 196.032 0.0030 149.979039 41.395756 
frameinfo 25 51582.27339736 191.781583 64.845578 96.144 196.141 0.0030 149.938760 41.314840 
frameinfo 26 51582.27381206 192.131693 64.829135 96.461 196.250 0.0030 149.897855 41.234054 
frameinfo 27 51582.27422665 192.481268 64.811876 96.777 196.358 0.0030 149.856358 41.153447 
frameinfo 28 51582.27464135 192.830484 64.793792 97.093 196.466 0.0030 149.814248 41.072977 
frameinfo 29 51582.27505594 193.179125 64.774897 97.408 196.574 0.0030 149.771555 40.992692 
frameinfo 30 51582.27547053 193.527267 64.755182 97.723 196.681 0.0030 149.728260 40.912566 
frameinfo 31 51582.27588523 193.874989 64.734647 98.038 196.788 0.0030 149.684361 40.832580 
frameinfo 32 51582.27629982 194.222077 64.713308 98.352 196.894 0.0030 149.639887 40.752782 
frameinfo 33 51582.27671452 194.568704 64.691147 98.665 197.000 0.0030 149.594806 40.673126 
frameinfo 34 51582.27712911 194.914659 64.668186 98.978 197.106 0.0029 149.549155 40.593658 
frameinfo 35 51582.27754381 195.260115 64.644413 99.290 197.212 0.0029 149.502908 40.514338 
frameinfo 36 51582.27795840 195.604859 64.619839 99.601 197.317 0.0029 149.456091 40.435207 
frameinfo 37 51582.27837311 195.949071 64.594462 99.912 197.421 0.0029 149.408688 40.356226 
frameinfo 38 51582.27878769 196.292531 64.568286 100.223 197.526 0.0029 149.360716 40.277437 
frameinfo 39 51582.27920240 196.635418 64.541306 100.532 197.630 0.0029 149.312157 40.198799 
frameinfo 40 51582.27961698 196.977524 64.513539 100.841 197.733 0.0029 149.263043 40.120357 
frameinfo 41 51582.28003157 197.318927 64.484984 101.149 197.837 0.0029 149.213364 40.042092 
frameinfo 42 51582.28044628 197.659701 64.455628 101.457 197.940 0.0029 149.163102 39.963981 
frameinfo 43 51582.28086086 197.999642 64.425497 101.763 198.042 0.0029 149.112293 39.886069 
frameinfo 44 51582.28127557 198.338923 64.394572 102.069 198.144 0.0028 149.060909 39.808315 
frameinfo 45 51582.28169015 198.677334 64.362873 102.374 198.246 0.0028 149.008978 39.730762 
frameinfo 46 51582.28210485 199.015051 64.330387 102.679 198.348 0.0028 148.956476 39.653368 
frameinfo 47 51582.28251944 199.351872 64.297137 102.982 198.449 0.0028 148.903439 39.576179 
frameinfo 48 51582.28293414 199.687964 64.263105 103.285 198.550 0.0028 148.849834 39.499152 
frameinfo 49 51582.28334873 200.023127 64.228312 103.587 198.651 0.0028 148.795695 39.422331 
frameinfo 50 51582.28376343 200.357535 64.192747 103.888 198.751 0.0028 148.740998 39.345676 
frameinfo 51 51582.28417802 200.690980 64.156425 104.188 198.851 0.0028 148.685766 39.269227 
frameinfo 52 51582.28459261 201.023546 64.119345 104.488 198.950 0.0028 148.629995 39.192967 
frameinfo 53 51582.28500731 201.355312 64.081501 104.786 199.050 0.0028 148.573671 39.116876 
frameinfo 54 51582.28542190 201.686072 64.042910 105.083 199.149 0.0028 148.516822 39.040994 
frameinfo 55 51582.28583660 202.016006 64.003562 105.380 199.247 0.0028 148.459425 38.965285 
