run                 1123                 # Imaging run number. 
cpu                 1                 # cpu ID
mjd		    51582		 # mjd
version		    /p/astroda/v14_11    # version of astroda

typedef struct {
    int       frame;          # Frame number. 
    double    mjd;            # MJD at time r' row 0 is clocked. (MJD = TAI/86400.0 for this mjd) 
    double    ra;             # Right ascension/longitude of boresight when r' row 0 is clocked. (degrees) 
    double    dec;            # Declination/latitude of boresight when r' row 0 is clocked. (degrees) 
    float     spa;            # Camera col position angle wrt north.  
                              # (degrees) 
    float     ipa;            # Instrument rotator position angle.  
                              # (degrees) 
    float     ipaRate;        # Instrument rotator angular velocity.  
                              # (deg/sec) 
    double    az;             # Azimuth (encoder) of telescope. (degrees) 
    double    alt;            # Altitude (encoder) of telescope.  
                              # (degrees) 
} FRAMEINFO;

frameinfo 8 51582.36839750 0.000000 57.220000 0.000 0.000 -9999 0.000000 57.220000 
frameinfo 9 51582.36881452 0.000000 57.220000 0.000 0.000 -9999 0.000000 57.220000 
frameinfo 10 51582.36922933 0.000000 57.220000 0.000 0.000 -9999 0.000000 57.220000 
frameinfo 11 51582.36964392 0.000000 57.220000 0.000 0.000 -9999 0.000000 57.220000 
frameinfo 12 51582.37005862 0.000000 57.220000 0.000 0.000 -9999 0.000000 57.220000 
frameinfo 13 51582.37047320 0.000000 57.220000 0.000 0.000 -9999 0.000000 57.220000 
frameinfo 14 51582.37088791 0.000000 57.220000 0.000 0.000 -9999 0.000000 57.220000 
frameinfo 15 51582.37130249 0.000000 57.220000 0.000 0.000 -9999 0.000000 57.220000 
frameinfo 16 51582.37171719 0.000000 57.220000 0.000 0.000 -9999 0.000000 57.220000 
frameinfo 17 51582.37213178 0.000000 57.220000 0.000 0.000 -9999 0.000000 57.220000 
frameinfo 18 51582.37254648 0.000000 57.220000 0.000 0.000 -9999 0.000000 57.220000 
frameinfo 19 51582.37296106 0.000000 57.220000 0.000 0.000 -9999 0.000000 57.220000 
frameinfo 20 51582.37337564 0.000000 57.220000 0.000 0.000 -9999 0.000000 57.220000 
frameinfo 21 51582.37379034 0.000000 57.220000 0.000 0.000 -9999 0.000000 57.220000 
frameinfo 22 51582.37420493 0.000000 57.220000 0.000 0.000 -9999 0.000000 57.220000 
frameinfo 23 51582.37461963 0.000000 57.220000 0.000 0.000 -9999 0.000000 57.220000 
frameinfo 24 51582.37503907 0.000000 57.220000 0.000 0.000 -9999 0.000000 57.220000 
frameinfo 25 51582.37545377 0.000000 57.220000 0.000 0.000 -9999 0.000000 57.220000 
frameinfo 26 51582.37586836 0.000000 57.220000 0.000 0.000 -9999 0.000000 57.220000 
frameinfo 27 51582.37628306 0.000000 57.220000 0.000 0.000 -9999 0.000000 57.220000 
frameinfo 28 51582.37669764 0.000000 57.220000 0.000 0.000 -9999 0.000000 57.220000 
frameinfo 29 51582.37711234 0.000000 57.220000 0.000 0.000 -9999 0.000000 57.220000 
frameinfo 30 51582.37752692 0.000000 57.220000 0.000 0.000 -9999 0.000000 57.220000 
frameinfo 31 51582.37794162 0.000000 57.220000 0.000 0.000 -9999 0.000000 57.220000 
frameinfo 32 51582.37835621 0.000000 57.220000 0.000 0.000 -9999 0.000000 57.220000 
frameinfo 33 51582.37877091 0.000000 57.220000 0.000 0.000 -9999 0.000000 57.220000 
frameinfo 34 51582.37918549 0.000000 57.220000 0.000 0.000 -9999 0.000000 57.220000 
frameinfo 35 51582.37960019 0.000000 57.220000 0.000 0.000 -9999 0.000000 57.220000 
frameinfo 36 51582.38001478 0.000000 57.220000 0.000 0.000 -9999 0.000000 57.220000 
frameinfo 37 51582.38042936 0.000000 57.220000 0.000 0.000 -9999 0.000000 57.220000 
frameinfo 38 51582.38084406 0.000000 57.220000 0.000 0.000 -9999 0.000000 57.220000 
frameinfo 39 51582.38125865 0.000000 57.220000 0.000 0.000 -9999 0.000000 57.220000 
frameinfo 40 51582.38167335 0.000000 57.220000 0.000 0.000 -9999 0.000000 57.220000 
frameinfo 41 51582.38208794 0.000000 57.220000 0.000 0.000 -9999 0.000000 57.220000 
frameinfo 42 51582.38250264 0.000000 57.220000 0.000 0.000 -9999 0.000000 57.220000 
frameinfo 43 51582.38291722 0.000000 57.220000 0.000 0.000 -9999 0.000000 57.220000 
frameinfo 44 51582.38333192 0.000000 57.220000 0.000 0.000 -9999 0.000000 57.220000 
frameinfo 45 51582.38374651 0.000000 57.220000 0.000 0.000 -9999 0.000000 57.220000 
frameinfo 46 51582.38416121 0.000000 57.220000 0.000 0.000 -9999 0.000000 57.220000 
frameinfo 47 51582.38457580 0.000000 57.220000 0.000 0.000 -9999 0.000000 57.220000 
frameinfo 48 51582.38499050 0.000000 57.220000 0.000 0.000 -9999 0.000000 57.220000 
frameinfo 49 51582.38540508 0.000000 57.220000 0.000 0.000 -9999 0.000000 57.220000 
frameinfo 50 51582.38581979 0.000000 57.220000 0.000 0.000 -9999 0.000000 57.220000 
frameinfo 51 51582.38623437 0.000000 57.220000 0.000 0.000 -9999 0.000000 57.220000 
frameinfo 52 51582.38664896 0.000000 57.220000 0.000 0.000 -9999 0.000000 57.220000 
frameinfo 53 51582.38706366 0.000000 57.220000 0.000 0.000 -9999 0.000000 57.220000 
frameinfo 54 51582.38747825 0.000000 57.220000 0.000 0.000 -9999 0.000000 57.220000 
frameinfo 55 51582.38789295 0.000000 57.220000 0.000 0.000 -9999 0.000000 57.220000 
frameinfo 56 51582.38830754 0.000000 57.220000 0.000 0.000 -9999 0.000000 57.220000 
frameinfo 57 51582.38872224 0.000000 57.220000 0.000 0.000 -9999 0.000000 57.220000 
frameinfo 58 51582.38913683 0.000000 57.220000 0.000 0.000 -9999 0.000000 57.220000 
frameinfo 59 51582.38955153 0.000000 57.220000 0.000 0.000 -9999 0.000000 57.220000 
frameinfo 60 51582.38996623 0.000000 57.220000 0.000 0.000 -9999 0.000000 57.220000 
frameinfo 61 51582.39038082 0.000000 57.220000 0.000 0.000 -9999 0.000000 57.220000 
frameinfo 62 51582.39079552 0.000000 57.220000 0.000 0.000 -9999 0.000000 57.220000 
frameinfo 63 51582.39121010 0.000000 57.220000 0.000 0.000 -9999 0.000000 57.220000 
frameinfo 64 51582.39162469 0.000000 57.220000 0.000 0.000 -9999 0.000000 57.220000 
frameinfo 65 51582.39203939 0.000000 57.220000 0.000 0.000 -9999 0.000000 57.220000 
frameinfo 66 51582.39245398 0.000000 57.220000 0.000 0.000 -9999 0.000000 57.220000 
frameinfo 67 51582.39286868 0.000000 57.220000 0.000 0.000 -9999 0.000000 57.220000 
frameinfo 68 51582.39328338 0.000000 57.220000 0.000 0.000 -9999 0.000000 57.220000 
frameinfo 69 51582.39369796 0.000000 57.220000 0.000 0.000 -9999 0.000000 57.220000 
frameinfo 70 51582.39411255 0.000000 57.220000 0.000 0.000 -9999 0.000000 57.220000 
frameinfo 71 51582.39452714 0.000000 57.220000 0.000 0.000 -9999 0.000000 57.220000 
frameinfo 72 51582.39494184 0.000000 57.220000 0.000 0.000 -9999 0.000000 57.220000 
frameinfo 73 51582.39535642 0.000000 57.220000 0.000 0.000 -9999 0.000000 57.220000 
frameinfo 8 51582.36839750 0.000000 57.220000 0.000 0.000 -9999 0.000000 57.220000 
frameinfo 9 51582.36881452 0.000000 57.220000 0.000 0.000 -9999 0.000000 57.220000 
frameinfo 10 51582.36922933 0.000000 57.220000 0.000 0.000 -9999 0.000000 57.220000 
frameinfo 11 51582.36964392 0.000000 57.220000 0.000 0.000 -9999 0.000000 57.220000 
frameinfo 12 51582.37005862 0.000000 57.220000 0.000 0.000 -9999 0.000000 57.220000 
frameinfo 13 51582.37047320 0.000000 57.220000 0.000 0.000 -9999 0.000000 57.220000 
frameinfo 14 51582.37088791 0.000000 57.220000 0.000 0.000 -9999 0.000000 57.220000 
frameinfo 15 51582.37130249 0.000000 57.220000 0.000 0.000 -9999 0.000000 57.220000 
frameinfo 16 51582.37171719 0.000000 57.220000 0.000 0.000 -9999 0.000000 57.220000 
frameinfo 17 51582.37213178 0.000000 57.220000 0.000 0.000 -9999 0.000000 57.220000 
frameinfo 18 51582.37254648 0.000000 57.220000 0.000 0.000 -9999 0.000000 57.220000 
frameinfo 19 51582.37296106 0.000000 57.220000 0.000 0.000 -9999 0.000000 57.220000 
frameinfo 20 51582.37337564 0.000000 57.220000 0.000 0.000 -9999 0.000000 57.220000 
frameinfo 21 51582.37379034 0.000000 57.220000 0.000 0.000 -9999 0.000000 57.220000 
frameinfo 22 51582.37420493 0.000000 57.220000 0.000 0.000 -9999 0.000000 57.220000 
frameinfo 23 51582.37461963 0.000000 57.220000 0.000 0.000 -9999 0.000000 57.220000 
frameinfo 24 51582.37503907 0.000000 57.220000 0.000 0.000 -9999 0.000000 57.220000 
frameinfo 25 51582.37545377 0.000000 57.220000 0.000 0.000 -9999 0.000000 57.220000 
frameinfo 26 51582.37586836 0.000000 57.220000 0.000 0.000 -9999 0.000000 57.220000 
frameinfo 27 51582.37628306 0.000000 57.220000 0.000 0.000 -9999 0.000000 57.220000 
frameinfo 28 51582.37669764 0.000000 57.220000 0.000 0.000 -9999 0.000000 57.220000 
frameinfo 29 51582.37711234 0.000000 57.220000 0.000 0.000 -9999 0.000000 57.220000 
frameinfo 30 51582.37752692 0.000000 57.220000 0.000 0.000 -9999 0.000000 57.220000 
frameinfo 31 51582.37794162 0.000000 57.220000 0.000 0.000 -9999 0.000000 57.220000 
frameinfo 32 51582.37835621 0.000000 57.220000 0.000 0.000 -9999 0.000000 57.220000 
frameinfo 33 51582.37877091 0.000000 57.220000 0.000 0.000 -9999 0.000000 57.220000 
frameinfo 34 51582.37918549 0.000000 57.220000 0.000 0.000 -9999 0.000000 57.220000 
frameinfo 35 51582.37960019 0.000000 57.220000 0.000 0.000 -9999 0.000000 57.220000 
frameinfo 36 51582.38001478 0.000000 57.220000 0.000 0.000 -9999 0.000000 57.220000 
frameinfo 37 51582.38042936 0.000000 57.220000 0.000 0.000 -9999 0.000000 57.220000 
frameinfo 38 51582.38084406 0.000000 57.220000 0.000 0.000 -9999 0.000000 57.220000 
frameinfo 39 51582.38125865 0.000000 57.220000 0.000 0.000 -9999 0.000000 57.220000 
frameinfo 40 51582.38167335 0.000000 57.220000 0.000 0.000 -9999 0.000000 57.220000 
frameinfo 41 51582.38208794 0.000000 57.220000 0.000 0.000 -9999 0.000000 57.220000 
frameinfo 42 51582.38250264 0.000000 57.220000 0.000 0.000 -9999 0.000000 57.220000 
frameinfo 43 51582.38291722 0.000000 57.220000 0.000 0.000 -9999 0.000000 57.220000 
frameinfo 44 51582.38333192 0.000000 57.220000 0.000 0.000 -9999 0.000000 57.220000 
frameinfo 45 51582.38374651 0.000000 57.220000 0.000 0.000 -9999 0.000000 57.220000 
frameinfo 46 51582.38416121 0.000000 57.220000 0.000 0.000 -9999 0.000000 57.220000 
frameinfo 47 51582.38457580 0.000000 57.220000 0.000 0.000 -9999 0.000000 57.220000 
frameinfo 48 51582.38499050 0.000000 57.220000 0.000 0.000 -9999 0.000000 57.220000 
frameinfo 49 51582.38540508 0.000000 57.220000 0.000 0.000 -9999 0.000000 57.220000 
frameinfo 50 51582.38581979 0.000000 57.220000 0.000 0.000 -9999 0.000000 57.220000 
frameinfo 51 51582.38623437 0.000000 57.220000 0.000 0.000 -9999 0.000000 57.220000 
frameinfo 52 51582.38664896 0.000000 57.220000 0.000 0.000 -9999 0.000000 57.220000 
frameinfo 53 51582.38706366 0.000000 57.220000 0.000 0.000 -9999 0.000000 57.220000 
frameinfo 54 51582.38747825 0.000000 57.220000 0.000 0.000 -9999 0.000000 57.220000 
frameinfo 55 51582.38789295 0.000000 57.220000 0.000 0.000 -9999 0.000000 57.220000 
frameinfo 56 51582.38830754 0.000000 57.220000 0.000 0.000 -9999 0.000000 57.220000 
frameinfo 57 51582.38872224 0.000000 57.220000 0.000 0.000 -9999 0.000000 57.220000 
frameinfo 58 51582.38913683 0.000000 57.220000 0.000 0.000 -9999 0.000000 57.220000 
frameinfo 59 51582.38955153 0.000000 57.220000 0.000 0.000 -9999 0.000000 57.220000 
frameinfo 60 51582.38996623 0.000000 57.220000 0.000 0.000 -9999 0.000000 57.220000 
frameinfo 61 51582.39038082 0.000000 57.220000 0.000 0.000 -9999 0.000000 57.220000 
frameinfo 62 51582.39079552 0.000000 57.220000 0.000 0.000 -9999 0.000000 57.220000 
frameinfo 63 51582.39121010 0.000000 57.220000 0.000 0.000 -9999 0.000000 57.220000 
frameinfo 64 51582.39162469 0.000000 57.220000 0.000 0.000 -9999 0.000000 57.220000 
frameinfo 65 51582.39203939 0.000000 57.220000 0.000 0.000 -9999 0.000000 57.220000 
frameinfo 66 51582.39245398 0.000000 57.220000 0.000 0.000 -9999 0.000000 57.220000 
frameinfo 67 51582.39286868 0.000000 57.220000 0.000 0.000 -9999 0.000000 57.220000 
frameinfo 68 51582.39328338 0.000000 57.220000 0.000 0.000 -9999 0.000000 57.220000 
frameinfo 69 51582.39369796 0.000000 57.220000 0.000 0.000 -9999 0.000000 57.220000 
frameinfo 70 51582.39411255 0.000000 57.220000 0.000 0.000 -9999 0.000000 57.220000 
frameinfo 71 51582.39452714 0.000000 57.220000 0.000 0.000 -9999 0.000000 57.220000 
frameinfo 72 51582.39494184 0.000000 57.220000 0.000 0.000 -9999 0.000000 57.220000 
frameinfo 73 51582.39535642 0.000000 57.220000 0.000 0.000 -9999 0.000000 57.220000 
frameinfo 8 51582.36839750 0.000000 57.220000 0.000 0.000 -9999 0.000000 57.220000 
frameinfo 9 51582.36881452 0.000000 57.220000 0.000 0.000 -9999 0.000000 57.220000 
frameinfo 10 51582.36922933 0.000000 57.220000 0.000 0.000 -9999 0.000000 57.220000 
frameinfo 11 51582.36964392 0.000000 57.220000 0.000 0.000 -9999 0.000000 57.220000 
frameinfo 12 51582.37005862 0.000000 57.220000 0.000 0.000 -9999 0.000000 57.220000 
frameinfo 13 51582.37047320 0.000000 57.220000 0.000 0.000 -9999 0.000000 57.220000 
frameinfo 14 51582.37088791 0.000000 57.220000 0.000 0.000 -9999 0.000000 57.220000 
frameinfo 15 51582.37130249 0.000000 57.220000 0.000 0.000 -9999 0.000000 57.220000 
frameinfo 16 51582.37171719 0.000000 57.220000 0.000 0.000 -9999 0.000000 57.220000 
frameinfo 17 51582.37213178 0.000000 57.220000 0.000 0.000 -9999 0.000000 57.220000 
frameinfo 18 51582.37254648 0.000000 57.220000 0.000 0.000 -9999 0.000000 57.220000 
frameinfo 19 51582.37296106 0.000000 57.220000 0.000 0.000 -9999 0.000000 57.220000 
frameinfo 20 51582.37337564 0.000000 57.220000 0.000 0.000 -9999 0.000000 57.220000 
frameinfo 21 51582.37379034 0.000000 57.220000 0.000 0.000 -9999 0.000000 57.220000 
frameinfo 22 51582.37420493 0.000000 57.220000 0.000 0.000 -9999 0.000000 57.220000 
frameinfo 23 51582.37461963 0.000000 57.220000 0.000 0.000 -9999 0.000000 57.220000 
frameinfo 24 51582.37503907 0.000000 57.220000 0.000 0.000 -9999 0.000000 57.220000 
frameinfo 25 51582.37545377 0.000000 57.220000 0.000 0.000 -9999 0.000000 57.220000 
frameinfo 26 51582.37586836 0.000000 57.220000 0.000 0.000 -9999 0.000000 57.220000 
frameinfo 27 51582.37628306 0.000000 57.220000 0.000 0.000 -9999 0.000000 57.220000 
frameinfo 28 51582.37669764 0.000000 57.220000 0.000 0.000 -9999 0.000000 57.220000 
frameinfo 29 51582.37711234 0.000000 57.220000 0.000 0.000 -9999 0.000000 57.220000 
frameinfo 30 51582.37752692 0.000000 57.220000 0.000 0.000 -9999 0.000000 57.220000 
frameinfo 31 51582.37794162 0.000000 57.220000 0.000 0.000 -9999 0.000000 57.220000 
frameinfo 32 51582.37835621 0.000000 57.220000 0.000 0.000 -9999 0.000000 57.220000 
frameinfo 33 51582.37877091 0.000000 57.220000 0.000 0.000 -9999 0.000000 57.220000 
frameinfo 34 51582.37918549 0.000000 57.220000 0.000 0.000 -9999 0.000000 57.220000 
frameinfo 35 51582.37960019 0.000000 57.220000 0.000 0.000 -9999 0.000000 57.220000 
frameinfo 36 51582.38001478 0.000000 57.220000 0.000 0.000 -9999 0.000000 57.220000 
frameinfo 37 51582.38042936 0.000000 57.220000 0.000 0.000 -9999 0.000000 57.220000 
frameinfo 38 51582.38084406 0.000000 57.220000 0.000 0.000 -9999 0.000000 57.220000 
frameinfo 39 51582.38125865 0.000000 57.220000 0.000 0.000 -9999 0.000000 57.220000 
frameinfo 40 51582.38167335 0.000000 57.220000 0.000 0.000 -9999 0.000000 57.220000 
frameinfo 41 51582.38208794 0.000000 57.220000 0.000 0.000 -9999 0.000000 57.220000 
frameinfo 42 51582.38250264 0.000000 57.220000 0.000 0.000 -9999 0.000000 57.220000 
frameinfo 43 51582.38291722 0.000000 57.220000 0.000 0.000 -9999 0.000000 57.220000 
frameinfo 44 51582.38333192 0.000000 57.220000 0.000 0.000 -9999 0.000000 57.220000 
frameinfo 45 51582.38374651 0.000000 57.220000 0.000 0.000 -9999 0.000000 57.220000 
frameinfo 46 51582.38416121 0.000000 57.220000 0.000 0.000 -9999 0.000000 57.220000 
frameinfo 47 51582.38457580 0.000000 57.220000 0.000 0.000 -9999 0.000000 57.220000 
frameinfo 48 51582.38499050 0.000000 57.220000 0.000 0.000 -9999 0.000000 57.220000 
frameinfo 49 51582.38540508 0.000000 57.220000 0.000 0.000 -9999 0.000000 57.220000 
frameinfo 50 51582.38581979 0.000000 57.220000 0.000 0.000 -9999 0.000000 57.220000 
frameinfo 51 51582.38623437 0.000000 57.220000 0.000 0.000 -9999 0.000000 57.220000 
frameinfo 52 51582.38664896 0.000000 57.220000 0.000 0.000 -9999 0.000000 57.220000 
frameinfo 53 51582.38706366 0.000000 57.220000 0.000 0.000 -9999 0.000000 57.220000 
frameinfo 54 51582.38747825 0.000000 57.220000 0.000 0.000 -9999 0.000000 57.220000 
frameinfo 55 51582.38789295 0.000000 57.220000 0.000 0.000 -9999 0.000000 57.220000 
frameinfo 56 51582.38830754 0.000000 57.220000 0.000 0.000 -9999 0.000000 57.220000 
frameinfo 57 51582.38872224 0.000000 57.220000 0.000 0.000 -9999 0.000000 57.220000 
frameinfo 58 51582.38913683 0.000000 57.220000 0.000 0.000 -9999 0.000000 57.220000 
frameinfo 59 51582.38955153 0.000000 57.220000 0.000 0.000 -9999 0.000000 57.220000 
frameinfo 60 51582.38996623 0.000000 57.220000 0.000 0.000 -9999 0.000000 57.220000 
frameinfo 61 51582.39038082 0.000000 57.220000 0.000 0.000 -9999 0.000000 57.220000 
frameinfo 62 51582.39079552 0.000000 57.220000 0.000 0.000 -9999 0.000000 57.220000 
frameinfo 63 51582.39121010 0.000000 57.220000 0.000 0.000 -9999 0.000000 57.220000 
frameinfo 64 51582.39162469 0.000000 57.220000 0.000 0.000 -9999 0.000000 57.220000 
frameinfo 65 51582.39203939 0.000000 57.220000 0.000 0.000 -9999 0.000000 57.220000 
frameinfo 66 51582.39245398 0.000000 57.220000 0.000 0.000 -9999 0.000000 57.220000 
frameinfo 67 51582.39286868 0.000000 57.220000 0.000 0.000 -9999 0.000000 57.220000 
frameinfo 68 51582.39328338 0.000000 57.220000 0.000 0.000 -9999 0.000000 57.220000 
frameinfo 69 51582.39369796 0.000000 57.220000 0.000 0.000 -9999 0.000000 57.220000 
frameinfo 70 51582.39411255 0.000000 57.220000 0.000 0.000 -9999 0.000000 57.220000 
frameinfo 71 51582.39452714 0.000000 57.220000 0.000 0.000 -9999 0.000000 57.220000 
frameinfo 72 51582.39494184 0.000000 57.220000 0.000 0.000 -9999 0.000000 57.220000 
frameinfo 73 51582.39535642 0.000000 57.220000 0.000 0.000 -9999 0.000000 57.220000 
