run                 51582                 # Imaging run number. 
cpu                 11                 # cpu ID
mjd		    51582		 # mjd
version		    /p/astroda/v14_11    # version of astroda

typedef struct {
    int       frame;          # Frame number. 
    double    mjd;            # MJD at time r' row 0 is clocked. (MJD = TAI/86400.0 for this mjd) 
    double    ra;             # Right ascension/longitude of boresight when r' row 0 is clocked. (degrees) 
    double    dec;            # Declination/latitude of boresight when r' row 0 is clocked. (degrees) 
    float     spa;            # Camera col position angle wrt north.  
                              # (degrees) 
    float     ipa;            # Instrument rotator position angle.  
                              # (degrees) 
    float     ipaRate;        # Instrument rotator angular velocity.  
                              # (deg/sec) 
    double    az;             # Azimuth (encoder) of telescope. (degrees) 
    double    alt;            # Altitude (encoder) of telescope.  
                              # (degrees) 
} FRAMEINFO;

frameinfo 2324 51582.04045304 -9999 -9999 -9999 -9999 -9999 -9999 -9999 
frameinfo 2324 51582.04112515 -9999 -9999 -9999 -9999 -9999 -9999 -9999 
frameinfo 2325 51582.04176069 -9999 -9999 -9999 -9999 -9999 -9999 -9999 
frameinfo 2325 51582.04243268 -9999 -9999 -9999 -9999 -9999 -9999 -9999 
frameinfo 2326 51582.04921212 -9999 -9999 -9999 -9999 -9999 -9999 -9999 
frameinfo 2326 51582.04988412 -9999 -9999 -9999 -9999 -9999 -9999 -9999 
frameinfo 2327 51582.05052787 -9999 -9999 -9999 -9999 -9999 -9999 -9999 
frameinfo 2327 51582.05119998 -9999 -9999 -9999 -9999 -9999 -9999 -9999 
frameinfo 2328 51582.05363587 -9999 -9999 -9999 -9999 -9999 -9999 -9999 
frameinfo 2328 51582.05430798 -9999 -9999 -9999 -9999 -9999 -9999 -9999 
frameinfo 2329 51582.05495544 -9999 -9999 -9999 -9999 -9999 -9999 -9999 
frameinfo 2329 51582.05562755 -9999 -9999 -9999 -9999 -9999 -9999 -9999 
frameinfo 2330 51582.06174263 121.000000 35.000000 0.000 0.000 -9999 121.000000 35.000000 
frameinfo 2330 51582.06241486 121.000000 35.000000 0.000 0.000 -9999 121.000000 35.000000 
frameinfo 2331 51582.06305699 121.000000 35.000000 0.000 0.000 -9999 121.000000 35.000000 
frameinfo 2331 51582.06372910 121.000000 35.000000 0.000 0.000 -9999 121.000000 35.000000 
frameinfo 2332 51582.06625203 121.000000 35.000000 0.000 0.000 -9999 0.000000 0.000000 
frameinfo 2332 51582.06692414 121.000000 35.000000 0.000 0.000 -9999 0.000000 0.000000 
frameinfo 2333 51582.06757635 121.000000 35.000000 0.000 0.000 -9999 0.000000 0.000000 
frameinfo 2333 51582.06824846 121.000000 35.000000 0.000 0.000 -9999 0.000000 0.000000 
frameinfo 2334 51582.07044106 121.000000 35.000000 0.000 0.000 -9999 0.000000 0.000000 
frameinfo 2334 51582.07111317 121.000000 35.000000 0.000 0.000 -9999 0.000000 0.000000 
frameinfo 2335 51582.07175727 121.000000 35.000000 0.000 0.000 -9999 0.000000 0.000000 
frameinfo 2335 51582.07242938 121.000000 35.000000 0.000 0.000 -9999 0.000000 0.000000 
frameinfo 2336 51582.37735017 0.000000 57.220000 0.000 0.000 -9999 0.000000 57.220000 
frameinfo 2336 51582.37802228 0.000000 57.220000 0.000 0.000 -9999 0.000000 57.220000 
frameinfo 2337 51582.37913641 0.000000 57.220000 0.000 0.000 -9999 0.000000 57.220000 
frameinfo 2337 51582.37980852 0.000000 57.220000 0.000 0.000 -9999 0.000000 57.220000 
frameinfo 2338 51582.44846344 121.000000 90.000000 0.000 0.000 -9999 0.000000 0.000000 
frameinfo 2338 51582.44913555 121.000000 90.000000 0.000 0.000 -9999 0.000000 0.000000 
frameinfo 2339 51582.46153470 121.000000 90.000000 0.000 0.000 -9999 0.000000 0.000000 
frameinfo 2339 51582.46220681 121.000000 90.000000 0.000 0.000 -9999 0.000000 0.000000 
frameinfo 2340 51582.48112127 121.000000 90.000000 0.000 0.000 -9999 0.000000 0.000000 
frameinfo 2340 51582.48179338 121.000000 90.000000 0.000 0.000 -9999 0.000000 0.000000 
frameinfo 2341 51582.49782264 198.099569 -0.018393 0.000 340.656 -0.0056 336.766824 54.954517 
frameinfo 2341 51582.49849487 198.099569 -0.018393 0.000 340.330 -0.0056 336.368628 54.873674 
frameinfo 2342 51582.49934244 198.099569 -0.018393 0.000 339.922 -0.0056 335.868900 54.769909 
frameinfo 2342 51582.50001455 198.099569 -0.018393 0.000 339.600 -0.0055 335.474426 54.686164 
frameinfo 2343 51582.54416192 198.099569 -0.018393 0.000 322.357 -0.0035 313.368398 46.843851 
frameinfo 2343 51582.54483415 198.099569 -0.018393 0.000 322.153 -0.0035 313.088133 46.695486 
frameinfo 2344 51582.55597820 198.099569 -0.018393 0.000 318.999 -0.0031 308.659452 44.142757 
frameinfo 2344 51582.55665031 198.099569 -0.018393 0.000 318.822 -0.0030 308.404896 43.983474 
frameinfo 2345 51582.55853955 198.099569 -0.018393 0.000 318.332 -0.0030 307.696282 43.532596 
frameinfo 2345 51582.55860726 198.099569 -0.018393 0.000 318.315 -0.0030 307.671077 43.516363 
frameinfo 2346 51582.55987648 198.099569 -0.018393 0.000 317.993 -0.0029 307.201518 43.211118 
frameinfo 2346 51582.55994431 198.099569 -0.018393 0.000 317.976 -0.0029 307.176535 43.194749 
frameinfo 2347 51582.56244062 198.099569 -0.018393 0.000 317.358 -0.0028 306.267877 42.588079 
frameinfo 2347 51582.56250844 198.099569 -0.018393 0.000 317.341 -0.0028 306.243404 42.571511 
frameinfo 2348 51582.56377280 198.099569 -0.018393 0.000 317.036 -0.0028 305.789852 42.262930 
frameinfo 2348 51582.56384063 198.099569 -0.018393 0.000 317.019 -0.0028 305.765632 42.246261 
frameinfo 2349 51582.56547200 198.099569 -0.018393 0.000 316.632 -0.0027 305.186805 41.843613 
frameinfo 2349 51582.56614411 198.099569 -0.018393 0.000 316.475 -0.0027 304.950603 41.676949 
frameinfo 2350 51582.56698821 198.099569 -0.018393 0.000 316.279 -0.0027 304.655730 41.467049 
frameinfo 2350 51582.56766044 198.099569 -0.018393 0.000 316.125 -0.0027 304.422239 41.299282 
frameinfo 2324 51582.04045304 -9999 -9999 -9999 -9999 -9999 -9999 -9999 
frameinfo 2324 51582.04112515 -9999 -9999 -9999 -9999 -9999 -9999 -9999 
frameinfo 2325 51582.04176069 -9999 -9999 -9999 -9999 -9999 -9999 -9999 
frameinfo 2325 51582.04243268 -9999 -9999 -9999 -9999 -9999 -9999 -9999 
frameinfo 2326 51582.04921212 -9999 -9999 -9999 -9999 -9999 -9999 -9999 
frameinfo 2326 51582.04988412 -9999 -9999 -9999 -9999 -9999 -9999 -9999 
frameinfo 2327 51582.05052787 -9999 -9999 -9999 -9999 -9999 -9999 -9999 
frameinfo 2327 51582.05119998 -9999 -9999 -9999 -9999 -9999 -9999 -9999 
frameinfo 2328 51582.05363587 -9999 -9999 -9999 -9999 -9999 -9999 -9999 
frameinfo 2328 51582.05430798 -9999 -9999 -9999 -9999 -9999 -9999 -9999 
frameinfo 2329 51582.05495544 -9999 -9999 -9999 -9999 -9999 -9999 -9999 
frameinfo 2329 51582.05562755 -9999 -9999 -9999 -9999 -9999 -9999 -9999 
frameinfo 2330 51582.06174263 121.000000 35.000000 0.000 0.000 -9999 121.000000 35.000000 
frameinfo 2330 51582.06241486 121.000000 35.000000 0.000 0.000 -9999 121.000000 35.000000 
frameinfo 2331 51582.06305699 121.000000 35.000000 0.000 0.000 -9999 121.000000 35.000000 
frameinfo 2331 51582.06372910 121.000000 35.000000 0.000 0.000 -9999 121.000000 35.000000 
frameinfo 2332 51582.06625203 121.000000 35.000000 0.000 0.000 -9999 0.000000 0.000000 
frameinfo 2332 51582.06692414 121.000000 35.000000 0.000 0.000 -9999 0.000000 0.000000 
frameinfo 2333 51582.06757635 121.000000 35.000000 0.000 0.000 -9999 0.000000 0.000000 
frameinfo 2333 51582.06824846 121.000000 35.000000 0.000 0.000 -9999 0.000000 0.000000 
frameinfo 2334 51582.07044106 121.000000 35.000000 0.000 0.000 -9999 0.000000 0.000000 
frameinfo 2334 51582.07111317 121.000000 35.000000 0.000 0.000 -9999 0.000000 0.000000 
frameinfo 2335 51582.07175727 121.000000 35.000000 0.000 0.000 -9999 0.000000 0.000000 
frameinfo 2335 51582.07242938 121.000000 35.000000 0.000 0.000 -9999 0.000000 0.000000 
frameinfo 2336 51582.37735017 0.000000 57.220000 0.000 0.000 -9999 0.000000 57.220000 
frameinfo 2336 51582.37802228 0.000000 57.220000 0.000 0.000 -9999 0.000000 57.220000 
frameinfo 2337 51582.37913641 0.000000 57.220000 0.000 0.000 -9999 0.000000 57.220000 
frameinfo 2337 51582.37980852 0.000000 57.220000 0.000 0.000 -9999 0.000000 57.220000 
frameinfo 2338 51582.44846344 121.000000 90.000000 0.000 0.000 -9999 0.000000 0.000000 
frameinfo 2338 51582.44913555 121.000000 90.000000 0.000 0.000 -9999 0.000000 0.000000 
frameinfo 2339 51582.46153470 121.000000 90.000000 0.000 0.000 -9999 0.000000 0.000000 
frameinfo 2339 51582.46220681 121.000000 90.000000 0.000 0.000 -9999 0.000000 0.000000 
frameinfo 2340 51582.48112127 121.000000 90.000000 0.000 0.000 -9999 0.000000 0.000000 
frameinfo 2340 51582.48179338 121.000000 90.000000 0.000 0.000 -9999 0.000000 0.000000 
frameinfo 2341 51582.49782264 198.099569 -0.018393 0.000 340.656 -0.0056 336.766824 54.954517 
frameinfo 2341 51582.49849487 198.099569 -0.018393 0.000 340.330 -0.0056 336.368628 54.873674 
frameinfo 2342 51582.49934244 198.099569 -0.018393 0.000 339.922 -0.0056 335.868900 54.769909 
frameinfo 2342 51582.50001455 198.099569 -0.018393 0.000 339.600 -0.0055 335.474426 54.686164 
frameinfo 2343 51582.54416192 198.099569 -0.018393 0.000 322.357 -0.0035 313.368398 46.843851 
frameinfo 2343 51582.54483415 198.099569 -0.018393 0.000 322.153 -0.0035 313.088133 46.695486 
frameinfo 2344 51582.55597820 198.099569 -0.018393 0.000 318.999 -0.0031 308.659452 44.142757 
frameinfo 2344 51582.55665031 198.099569 -0.018393 0.000 318.822 -0.0030 308.404896 43.983474 
frameinfo 2345 51582.55853955 198.099569 -0.018393 0.000 318.332 -0.0030 307.696282 43.532596 
frameinfo 2345 51582.55860726 198.099569 -0.018393 0.000 318.315 -0.0030 307.671077 43.516363 
frameinfo 2346 51582.55987648 198.099569 -0.018393 0.000 317.993 -0.0029 307.201518 43.211118 
frameinfo 2346 51582.55994431 198.099569 -0.018393 0.000 317.976 -0.0029 307.176535 43.194749 
frameinfo 2347 51582.56244062 198.099569 -0.018393 0.000 317.358 -0.0028 306.267877 42.588079 
frameinfo 2347 51582.56250844 198.099569 -0.018393 0.000 317.341 -0.0028 306.243404 42.571511 
frameinfo 2348 51582.56377280 198.099569 -0.018393 0.000 317.036 -0.0028 305.789852 42.262930 
frameinfo 2348 51582.56384063 198.099569 -0.018393 0.000 317.019 -0.0028 305.765632 42.246261 
frameinfo 2349 51582.56547200 198.099569 -0.018393 0.000 316.632 -0.0027 305.186805 41.843613 
frameinfo 2349 51582.56614411 198.099569 -0.018393 0.000 316.475 -0.0027 304.950603 41.676949 
frameinfo 2350 51582.56698821 198.099569 -0.018393 0.000 316.279 -0.0027 304.655730 41.467049 
frameinfo 2350 51582.56766044 198.099569 -0.018393 0.000 316.125 -0.0027 304.422239 41.299282 
frameinfo 2324 51582.04045304 -9999 -9999 -9999 -9999 -9999 -9999 -9999 
frameinfo 2324 51582.04112515 -9999 -9999 -9999 -9999 -9999 -9999 -9999 
frameinfo 2325 51582.04176069 -9999 -9999 -9999 -9999 -9999 -9999 -9999 
frameinfo 2325 51582.04243268 -9999 -9999 -9999 -9999 -9999 -9999 -9999 
frameinfo 2326 51582.04921212 -9999 -9999 -9999 -9999 -9999 -9999 -9999 
frameinfo 2326 51582.04988412 -9999 -9999 -9999 -9999 -9999 -9999 -9999 
frameinfo 2327 51582.05052787 -9999 -9999 -9999 -9999 -9999 -9999 -9999 
frameinfo 2327 51582.05119998 -9999 -9999 -9999 -9999 -9999 -9999 -9999 
frameinfo 2328 51582.05363587 -9999 -9999 -9999 -9999 -9999 -9999 -9999 
frameinfo 2328 51582.05430798 -9999 -9999 -9999 -9999 -9999 -9999 -9999 
frameinfo 2329 51582.05495544 -9999 -9999 -9999 -9999 -9999 -9999 -9999 
frameinfo 2329 51582.05562755 -9999 -9999 -9999 -9999 -9999 -9999 -9999 
frameinfo 2330 51582.06174263 121.000000 35.000000 0.000 0.000 -9999 121.000000 35.000000 
frameinfo 2330 51582.06241486 121.000000 35.000000 0.000 0.000 -9999 121.000000 35.000000 
frameinfo 2331 51582.06305699 121.000000 35.000000 0.000 0.000 -9999 121.000000 35.000000 
frameinfo 2331 51582.06372910 121.000000 35.000000 0.000 0.000 -9999 121.000000 35.000000 
frameinfo 2332 51582.06625203 121.000000 35.000000 0.000 0.000 -9999 0.000000 0.000000 
frameinfo 2332 51582.06692414 121.000000 35.000000 0.000 0.000 -9999 0.000000 0.000000 
frameinfo 2333 51582.06757635 121.000000 35.000000 0.000 0.000 -9999 0.000000 0.000000 
frameinfo 2333 51582.06824846 121.000000 35.000000 0.000 0.000 -9999 0.000000 0.000000 
frameinfo 2334 51582.07044106 121.000000 35.000000 0.000 0.000 -9999 0.000000 0.000000 
frameinfo 2334 51582.07111317 121.000000 35.000000 0.000 0.000 -9999 0.000000 0.000000 
frameinfo 2335 51582.07175727 121.000000 35.000000 0.000 0.000 -9999 0.000000 0.000000 
frameinfo 2335 51582.07242938 121.000000 35.000000 0.000 0.000 -9999 0.000000 0.000000 
frameinfo 2336 51582.37735017 0.000000 57.220000 0.000 0.000 -9999 0.000000 57.220000 
frameinfo 2336 51582.37802228 0.000000 57.220000 0.000 0.000 -9999 0.000000 57.220000 
frameinfo 2337 51582.37913641 0.000000 57.220000 0.000 0.000 -9999 0.000000 57.220000 
frameinfo 2337 51582.37980852 0.000000 57.220000 0.000 0.000 -9999 0.000000 57.220000 
frameinfo 2338 51582.44846344 121.000000 90.000000 0.000 0.000 -9999 0.000000 0.000000 
frameinfo 2338 51582.44913555 121.000000 90.000000 0.000 0.000 -9999 0.000000 0.000000 
frameinfo 2339 51582.46153470 121.000000 90.000000 0.000 0.000 -9999 0.000000 0.000000 
frameinfo 2339 51582.46220681 121.000000 90.000000 0.000 0.000 -9999 0.000000 0.000000 
frameinfo 2340 51582.48112127 121.000000 90.000000 0.000 0.000 -9999 0.000000 0.000000 
frameinfo 2340 51582.48179338 121.000000 90.000000 0.000 0.000 -9999 0.000000 0.000000 
frameinfo 2341 51582.49782264 198.099569 -0.018393 0.000 340.656 -0.0056 336.766824 54.954517 
frameinfo 2341 51582.49849487 198.099569 -0.018393 0.000 340.330 -0.0056 336.368628 54.873674 
frameinfo 2342 51582.49934244 198.099569 -0.018393 0.000 339.922 -0.0056 335.868900 54.769909 
frameinfo 2342 51582.50001455 198.099569 -0.018393 0.000 339.600 -0.0055 335.474426 54.686164 
frameinfo 2343 51582.54416192 198.099569 -0.018393 0.000 322.357 -0.0035 313.368398 46.843851 
frameinfo 2343 51582.54483415 198.099569 -0.018393 0.000 322.153 -0.0035 313.088133 46.695486 
frameinfo 2344 51582.55597820 198.099569 -0.018393 0.000 318.999 -0.0031 308.659452 44.142757 
frameinfo 2344 51582.55665031 198.099569 -0.018393 0.000 318.822 -0.0030 308.404896 43.983474 
frameinfo 2345 51582.55853955 198.099569 -0.018393 0.000 318.332 -0.0030 307.696282 43.532596 
frameinfo 2345 51582.55860726 198.099569 -0.018393 0.000 318.315 -0.0030 307.671077 43.516363 
frameinfo 2346 51582.55987648 198.099569 -0.018393 0.000 317.993 -0.0029 307.201518 43.211118 
frameinfo 2346 51582.55994431 198.099569 -0.018393 0.000 317.976 -0.0029 307.176535 43.194749 
frameinfo 2347 51582.56244062 198.099569 -0.018393 0.000 317.358 -0.0028 306.267877 42.588079 
frameinfo 2347 51582.56250844 198.099569 -0.018393 0.000 317.341 -0.0028 306.243404 42.571511 
frameinfo 2348 51582.56377280 198.099569 -0.018393 0.000 317.036 -0.0028 305.789852 42.262930 
frameinfo 2348 51582.56384063 198.099569 -0.018393 0.000 317.019 -0.0028 305.765632 42.246261 
frameinfo 2349 51582.56547200 198.099569 -0.018393 0.000 316.632 -0.0027 305.186805 41.843613 
frameinfo 2349 51582.56614411 198.099569 -0.018393 0.000 316.475 -0.0027 304.950603 41.676949 
frameinfo 2350 51582.56698821 198.099569 -0.018393 0.000 316.279 -0.0027 304.655730 41.467049 
frameinfo 2350 51582.56766044 198.099569 -0.018393 0.000 316.125 -0.0027 304.422239 41.299282 
