run                 1117                 # Imaging run number. 
cpu                 10                 # cpu ID
mjd		    51582		 # mjd
version		    /p/astroda/v14_11    # version of astroda

typedef struct {
    int       frame;          # Frame number. 
    double    mjd;            # MJD at time r' row 0 is clocked. (MJD = TAI/86400.0 for this mjd) 
    double    ra;             # Right ascension/longitude of boresight when r' row 0 is clocked. (degrees) 
    double    dec;            # Declination/latitude of boresight when r' row 0 is clocked. (degrees) 
    float     spa;            # Camera col position angle wrt north.  
                              # (degrees) 
    float     ipa;            # Instrument rotator position angle.  
                              # (degrees) 
    float     ipaRate;        # Instrument rotator angular velocity.  
                              # (deg/sec) 
    double    az;             # Azimuth (encoder) of telescope. (degrees) 
    double    alt;            # Altitude (encoder) of telescope.  
                              # (degrees) 
} FRAMEINFO;

frameinfo 8 51582.18004515 -9999 -9999 -9999 -9999 -9999 -9999 -9999 
frameinfo 9 51582.18011644 -9999 -9999 -9999 -9999 -9999 -9999 -9999 
frameinfo 10 51582.18053115 94.390181 0.000000 270.000 266.522 -0.0129 355.836890 57.132092 
frameinfo 11 51582.18094585 94.240459 0.000000 270.000 266.059 -0.0129 355.286158 57.112897 
frameinfo 12 51582.18136542 94.088982 0.000000 270.000 265.592 -0.0129 354.729589 57.091017 
frameinfo 13 51582.18178000 93.939301 4.130365 270.000 265.131 -0.0129 354.180298 57.067000 
frameinfo 14 51582.18219471 93.789579 0.000000 270.000 264.670 -0.0128 353.631602 57.040577 
frameinfo 15 51582.18260930 93.639899 -15.021313 270.000 264.211 -0.0128 353.083877 57.011759 
frameinfo 16 51582.18302400 93.490177 0.000000 270.000 263.752 -0.0128 352.536875 56.980573 
frameinfo 17 51582.18343859 93.340497 0.000000 270.000 263.294 -0.0128 351.990987 56.946990 
frameinfo 18 51582.18385329 93.190775 0.000000 270.000 262.838 -0.0127 351.445965 56.911028 
frameinfo 19 51582.18426788 93.041094 0.000000 270.000 262.382 -0.0127 350.902176 56.872717 
frameinfo 20 51582.18468733 92.889659 0.000000 270.000 261.922 -0.0127 350.353175 56.831575 
frameinfo 21 51582.18510203 92.739937 80.220565 270.000 261.469 -0.0126 349.811611 56.788528 
frameinfo 22 51582.18551662 92.590257 0.000000 270.000 261.018 -0.0126 349.271467 56.743171 
frameinfo 23 51582.18593132 92.440536 0.000000 270.000 260.567 -0.0126 348.732522 56.695452 
frameinfo 24 51582.18634591 92.290855 0.000000 270.000 260.118 -0.0125 348.195126 56.645430 
frameinfo 25 51582.18676061 92.141134 0.000000 270.000 259.670 -0.0125 347.659030 56.593104 
frameinfo 26 51582.18717520 91.991454 0.000000 270.000 259.225 -0.0124 347.124602 56.538493 
frameinfo 27 51582.18758990 91.841732 0.000000 270.000 258.780 -0.0124 346.591604 56.481572 
frameinfo 28 51582.18800449 91.692052 0.000000 270.000 258.337 -0.0123 346.060369 56.422421 
frameinfo 29 51582.18841919 91.542330 0.000000 270.000 257.896 -0.0123 345.530689 56.360966 
frameinfo 30 51582.18883378 91.392650 0.000000 270.000 257.457 -0.0122 345.002893 56.297281 
frameinfo 31 51582.18924836 91.242970 0.000000 270.000 257.020 -0.0122 344.476866 56.231391 
frameinfo 32 51582.18966307 91.093248 0.000000 270.000 256.584 -0.0121 343.952554 56.163231 
frameinfo 33 51582.19007765 90.943568 0.000000 270.000 256.151 -0.0121 343.430276 56.092885 
frameinfo 34 51582.19049235 90.793847 0.000000 270.000 255.719 -0.0120 342.909770 56.020351 
frameinfo 35 51582.19090694 90.644167 0.000000 270.000 255.289 -0.0120 342.391413 55.945631 
frameinfo 36 51582.19132176 90.494403 -26.878492 270.000 254.862 -0.0119 341.874782 55.868720 
frameinfo 37 51582.19173623 90.344765 0.000000 270.000 254.436 -0.0118 341.360659 55.789719 
frameinfo 38 51582.19215093 90.195043 0.000000 270.000 254.013 -0.0118 340.848374 55.708526 
frameinfo 39 51582.19256552 90.045363 0.122881 270.000 253.592 -0.0117 340.338384 55.625238 
frameinfo 40 51582.19298022 89.895641 0.000000 270.000 253.173 -0.0117 339.830424 55.539847 
frameinfo 41 51582.19339481 89.745961 0.000000 270.000 252.757 -0.0116 339.324858 55.452367 
frameinfo 42 51582.19380951 89.596239 0.000000 270.000 252.342 -0.0115 338.821406 55.362804 
frameinfo 43 51582.19422409 89.446559 0.000000 270.000 251.930 -0.0115 338.320397 55.271209 
frameinfo 44 51582.19463880 89.296837 0.000000 270.000 251.521 -0.0114 337.821598 55.177535 
frameinfo 45 51582.19505338 89.147156 0.000000 270.000 251.114 -0.0113 337.325303 55.081865 
frameinfo 46 51582.19546809 88.997434 43.660408 270.000 250.709 -0.0113 336.831243 54.984186 
frameinfo 47 51582.19588267 88.847753 0.000000 270.000 250.307 -0.0112 336.339768 54.884524 
frameinfo 48 51582.19629714 88.698115 0.000000 270.000 249.907 -0.0111 335.850873 54.782928 
frameinfo 49 51582.19671196 88.548350 0.000000 270.000 249.510 -0.0110 335.364041 54.679297 
frameinfo 50 51582.19712655 88.398669 0.000000 270.000 249.116 -0.0110 334.880004 54.573770 
frameinfo 51 51582.19754125 88.248947 0.000000 270.000 248.724 -0.0109 334.398358 54.466294 
frameinfo 52 51582.19795584 88.099266 0.000000 270.000 248.334 -0.0108 333.919371 54.356969 
frameinfo 53 51582.19837054 87.949543 0.000000 270.000 247.947 -0.0108 333.442838 54.245711 
frameinfo 54 51582.19878513 87.799862 0.000000 270.000 247.563 -0.0107 332.969020 54.132623 
frameinfo 55 51582.19919971 87.650181 0.000000 270.000 247.182 -0.0106 332.497801 54.017693 
frameinfo 56 51582.19961442 87.500458 0.000000 270.000 246.803 -0.0105 332.029085 53.900888 
frameinfo 57 51582.20002900 87.350777 0.000000 270.000 246.427 -0.0105 331.563138 53.782301 
frameinfo 58 51582.20044371 87.201053 54.745061 270.000 246.054 -0.0104 331.099707 53.661892 
frameinfo 59 51582.20085841 87.051330 0.000000 270.000 245.683 -0.0103 330.638921 53.539722 
frameinfo 60 51582.20127300 86.901649 0.000000 270.000 245.315 -0.0102 330.180960 53.415807 
frameinfo 61 51582.20168758 86.751967 0.000000 270.000 244.950 -0.0102 329.725674 53.290161 
frameinfo 62 51582.20210229 86.602243 0.000000 270.000 244.587 -0.0101 329.272942 53.162768 
frameinfo 63 51582.20251688 86.452561 0.000000 270.000 244.228 -0.0100 328.823056 53.033689 
frameinfo 64 51582.20293158 86.302837 26.109422 270.000 243.871 -0.0099 328.375735 52.902904 
frameinfo 65 51582.20334617 86.153155 0.000000 270.000 243.517 -0.0098 327.931257 52.770483 
frameinfo 66 51582.20376076 86.003472 0.000000 270.000 243.166 -0.0098 327.489506 52.636404 
frameinfo 67 51582.20417546 85.853748 0.000000 270.000 242.817 -0.0097 327.050324 52.500679 
frameinfo 68 51582.20459005 85.704065 0.000000 270.000 242.472 -0.0096 326.614013 52.363359 
frameinfo 69 51582.20500475 85.554341 0.446105 270.000 242.129 -0.0095 326.180308 52.224403 
frameinfo 70 51582.20541934 85.404658 24.455169 270.000 241.789 -0.0095 325.749417 52.083933 
frameinfo 71 51582.20583404 85.254934 0.000000 270.000 241.451 -0.0094 325.321159 51.941840 
frameinfo 72 51582.20624863 85.105251 0.000000 270.000 241.117 -0.0093 324.895743 51.798246 
frameinfo 73 51582.20666333 84.955526 0.000000 270.000 240.785 -0.0092 324.472926 51.653089 
frameinfo 74 51582.20707804 84.805801 0.000000 270.000 240.456 -0.0091 324.052800 51.506447 
frameinfo 75 51582.20749262 84.656118 0.000000 270.000 240.130 -0.0091 323.635532 51.358335 
frameinfo 76 51582.20790709 84.506477 0.000000 270.000 239.807 -0.0090 323.221065 51.208810 
frameinfo 77 51582.20832191 84.356710 0.000000 270.000 239.486 -0.0089 322.808962 51.057700 
frameinfo 78 51582.20873650 84.207027 0.000000 270.000 239.168 -0.0088 322.399797 50.905227 
frameinfo 79 51582.20915109 84.057343 0.000000 270.000 238.854 -0.0088 321.993317 50.751337 
frameinfo 80 51582.20956579 83.907618 0.000000 270.000 238.541 -0.0087 321.589378 50.596023 
frameinfo 81 51582.20998038 83.757934 0.000000 270.000 238.232 -0.0086 321.188250 50.439347 
frameinfo 82 51582.21039508 83.608209 0.000000 270.000 237.925 -0.0085 320.789657 50.281270 
frameinfo 83 51582.21080966 83.458525 0.000000 270.000 237.621 -0.0084 320.393830 50.121884 
frameinfo 84 51582.21122425 83.308841 0.000000 270.000 237.320 -0.0084 320.000659 49.961152 
frameinfo 85 51582.21163895 83.159114 0.000000 270.000 237.022 -0.0083 319.610009 49.799058 
frameinfo 86 51582.21205366 83.009388 0.000000 270.000 236.726 -0.0082 319.221954 49.635681 
frameinfo 8 51582.18004515 -9999 -9999 -9999 -9999 -9999 -9999 -9999 
frameinfo 9 51582.18011644 -9999 -9999 -9999 -9999 -9999 -9999 -9999 
frameinfo 10 51582.18053115 94.390181 0.000000 270.000 266.522 -0.0129 355.836890 57.132092 
frameinfo 11 51582.18094585 94.240459 0.000000 270.000 266.059 -0.0129 355.286158 57.112897 
frameinfo 12 51582.18136542 94.088982 0.000000 270.000 265.592 -0.0129 354.729589 57.091017 
frameinfo 13 51582.18178000 93.939301 4.130365 270.000 265.131 -0.0129 354.180298 57.067000 
frameinfo 14 51582.18219471 93.789579 0.000000 270.000 264.670 -0.0128 353.631602 57.040577 
frameinfo 15 51582.18260930 93.639899 -15.021313 270.000 264.211 -0.0128 353.083877 57.011759 
frameinfo 16 51582.18302400 93.490177 0.000000 270.000 263.752 -0.0128 352.536875 56.980573 
frameinfo 17 51582.18343859 93.340497 0.000000 270.000 263.294 -0.0128 351.990987 56.946990 
frameinfo 18 51582.18385329 93.190775 0.000000 270.000 262.838 -0.0127 351.445965 56.911028 
frameinfo 19 51582.18426788 93.041094 0.000000 270.000 262.382 -0.0127 350.902176 56.872717 
frameinfo 20 51582.18468733 92.889659 0.000000 270.000 261.922 -0.0127 350.353175 56.831575 
frameinfo 21 51582.18510203 92.739937 80.220565 270.000 261.469 -0.0126 349.811611 56.788528 
frameinfo 22 51582.18551662 92.590257 0.000000 270.000 261.018 -0.0126 349.271467 56.743171 
frameinfo 23 51582.18593132 92.440536 0.000000 270.000 260.567 -0.0126 348.732522 56.695452 
frameinfo 24 51582.18634591 92.290855 0.000000 270.000 260.118 -0.0125 348.195126 56.645430 
frameinfo 25 51582.18676061 92.141134 0.000000 270.000 259.670 -0.0125 347.659030 56.593104 
frameinfo 26 51582.18717520 91.991454 0.000000 270.000 259.225 -0.0124 347.124602 56.538493 
frameinfo 27 51582.18758990 91.841732 0.000000 270.000 258.780 -0.0124 346.591604 56.481572 
frameinfo 28 51582.18800449 91.692052 0.000000 270.000 258.337 -0.0123 346.060369 56.422421 
frameinfo 29 51582.18841919 91.542330 0.000000 270.000 257.896 -0.0123 345.530689 56.360966 
frameinfo 30 51582.18883378 91.392650 0.000000 270.000 257.457 -0.0122 345.002893 56.297281 
frameinfo 31 51582.18924836 91.242970 0.000000 270.000 257.020 -0.0122 344.476866 56.231391 
frameinfo 32 51582.18966307 91.093248 0.000000 270.000 256.584 -0.0121 343.952554 56.163231 
frameinfo 33 51582.19007765 90.943568 0.000000 270.000 256.151 -0.0121 343.430276 56.092885 
frameinfo 34 51582.19049235 90.793847 0.000000 270.000 255.719 -0.0120 342.909770 56.020351 
frameinfo 35 51582.19090694 90.644167 0.000000 270.000 255.289 -0.0120 342.391413 55.945631 
frameinfo 36 51582.19132176 90.494403 -26.878492 270.000 254.862 -0.0119 341.874782 55.868720 
frameinfo 37 51582.19173623 90.344765 0.000000 270.000 254.436 -0.0118 341.360659 55.789719 
frameinfo 38 51582.19215093 90.195043 0.000000 270.000 254.013 -0.0118 340.848374 55.708526 
frameinfo 39 51582.19256552 90.045363 0.122881 270.000 253.592 -0.0117 340.338384 55.625238 
frameinfo 40 51582.19298022 89.895641 0.000000 270.000 253.173 -0.0117 339.830424 55.539847 
frameinfo 41 51582.19339481 89.745961 0.000000 270.000 252.757 -0.0116 339.324858 55.452367 
frameinfo 42 51582.19380951 89.596239 0.000000 270.000 252.342 -0.0115 338.821406 55.362804 
frameinfo 43 51582.19422409 89.446559 0.000000 270.000 251.930 -0.0115 338.320397 55.271209 
frameinfo 44 51582.19463880 89.296837 0.000000 270.000 251.521 -0.0114 337.821598 55.177535 
frameinfo 45 51582.19505338 89.147156 0.000000 270.000 251.114 -0.0113 337.325303 55.081865 
frameinfo 46 51582.19546809 88.997434 43.660408 270.000 250.709 -0.0113 336.831243 54.984186 
frameinfo 47 51582.19588267 88.847753 0.000000 270.000 250.307 -0.0112 336.339768 54.884524 
frameinfo 48 51582.19629714 88.698115 0.000000 270.000 249.907 -0.0111 335.850873 54.782928 
frameinfo 49 51582.19671196 88.548350 0.000000 270.000 249.510 -0.0110 335.364041 54.679297 
frameinfo 50 51582.19712655 88.398669 0.000000 270.000 249.116 -0.0110 334.880004 54.573770 
frameinfo 51 51582.19754125 88.248947 0.000000 270.000 248.724 -0.0109 334.398358 54.466294 
frameinfo 52 51582.19795584 88.099266 0.000000 270.000 248.334 -0.0108 333.919371 54.356969 
frameinfo 53 51582.19837054 87.949543 0.000000 270.000 247.947 -0.0108 333.442838 54.245711 
frameinfo 54 51582.19878513 87.799862 0.000000 270.000 247.563 -0.0107 332.969020 54.132623 
frameinfo 55 51582.19919971 87.650181 0.000000 270.000 247.182 -0.0106 332.497801 54.017693 
frameinfo 56 51582.19961442 87.500458 0.000000 270.000 246.803 -0.0105 332.029085 53.900888 
frameinfo 57 51582.20002900 87.350777 0.000000 270.000 246.427 -0.0105 331.563138 53.782301 
frameinfo 58 51582.20044371 87.201053 54.745061 270.000 246.054 -0.0104 331.099707 53.661892 
frameinfo 59 51582.20085841 87.051330 0.000000 270.000 245.683 -0.0103 330.638921 53.539722 
frameinfo 60 51582.20127300 86.901649 0.000000 270.000 245.315 -0.0102 330.180960 53.415807 
frameinfo 61 51582.20168758 86.751967 0.000000 270.000 244.950 -0.0102 329.725674 53.290161 
frameinfo 62 51582.20210229 86.602243 0.000000 270.000 244.587 -0.0101 329.272942 53.162768 
frameinfo 63 51582.20251688 86.452561 0.000000 270.000 244.228 -0.0100 328.823056 53.033689 
frameinfo 64 51582.20293158 86.302837 26.109422 270.000 243.871 -0.0099 328.375735 52.902904 
frameinfo 65 51582.20334617 86.153155 0.000000 270.000 243.517 -0.0098 327.931257 52.770483 
frameinfo 66 51582.20376076 86.003472 0.000000 270.000 243.166 -0.0098 327.489506 52.636404 
frameinfo 67 51582.20417546 85.853748 0.000000 270.000 242.817 -0.0097 327.050324 52.500679 
frameinfo 68 51582.20459005 85.704065 0.000000 270.000 242.472 -0.0096 326.614013 52.363359 
frameinfo 69 51582.20500475 85.554341 0.446105 270.000 242.129 -0.0095 326.180308 52.224403 
frameinfo 70 51582.20541934 85.404658 24.455169 270.000 241.789 -0.0095 325.749417 52.083933 
frameinfo 71 51582.20583404 85.254934 0.000000 270.000 241.451 -0.0094 325.321159 51.941840 
frameinfo 72 51582.20624863 85.105251 0.000000 270.000 241.117 -0.0093 324.895743 51.798246 
frameinfo 73 51582.20666333 84.955526 0.000000 270.000 240.785 -0.0092 324.472926 51.653089 
frameinfo 74 51582.20707804 84.805801 0.000000 270.000 240.456 -0.0091 324.052800 51.506447 
frameinfo 75 51582.20749262 84.656118 0.000000 270.000 240.130 -0.0091 323.635532 51.358335 
frameinfo 76 51582.20790709 84.506477 0.000000 270.000 239.807 -0.0090 323.221065 51.208810 
frameinfo 77 51582.20832191 84.356710 0.000000 270.000 239.486 -0.0089 322.808962 51.057700 
frameinfo 78 51582.20873650 84.207027 0.000000 270.000 239.168 -0.0088 322.399797 50.905227 
frameinfo 79 51582.20915109 84.057343 0.000000 270.000 238.854 -0.0088 321.993317 50.751337 
frameinfo 80 51582.20956579 83.907618 0.000000 270.000 238.541 -0.0087 321.589378 50.596023 
frameinfo 81 51582.20998038 83.757934 0.000000 270.000 238.232 -0.0086 321.188250 50.439347 
frameinfo 82 51582.21039508 83.608209 0.000000 270.000 237.925 -0.0085 320.789657 50.281270 
frameinfo 83 51582.21080966 83.458525 0.000000 270.000 237.621 -0.0084 320.393830 50.121884 
frameinfo 84 51582.21122425 83.308841 0.000000 270.000 237.320 -0.0084 320.000659 49.961152 
frameinfo 85 51582.21163895 83.159114 0.000000 270.000 237.022 -0.0083 319.610009 49.799058 
frameinfo 86 51582.21205366 83.009388 0.000000 270.000 236.726 -0.0082 319.221954 49.635681 
frameinfo 8 51582.18004515 -9999 -9999 -9999 -9999 -9999 -9999 -9999 
frameinfo 9 51582.18011644 -9999 -9999 -9999 -9999 -9999 -9999 -9999 
frameinfo 10 51582.18053115 94.390181 0.000000 270.000 266.522 -0.0129 355.836890 57.132092 
frameinfo 11 51582.18094585 94.240459 0.000000 270.000 266.059 -0.0129 355.286158 57.112897 
frameinfo 12 51582.18136542 94.088982 0.000000 270.000 265.592 -0.0129 354.729589 57.091017 
frameinfo 13 51582.18178000 93.939301 4.130365 270.000 265.131 -0.0129 354.180298 57.067000 
frameinfo 14 51582.18219471 93.789579 0.000000 270.000 264.670 -0.0128 353.631602 57.040577 
frameinfo 15 51582.18260930 93.639899 -15.021313 270.000 264.211 -0.0128 353.083877 57.011759 
frameinfo 16 51582.18302400 93.490177 0.000000 270.000 263.752 -0.0128 352.536875 56.980573 
frameinfo 17 51582.18343859 93.340497 0.000000 270.000 263.294 -0.0128 351.990987 56.946990 
frameinfo 18 51582.18385329 93.190775 0.000000 270.000 262.838 -0.0127 351.445965 56.911028 
frameinfo 19 51582.18426788 93.041094 0.000000 270.000 262.382 -0.0127 350.902176 56.872717 
frameinfo 20 51582.18468733 92.889659 0.000000 270.000 261.922 -0.0127 350.353175 56.831575 
frameinfo 21 51582.18510203 92.739937 80.220565 270.000 261.469 -0.0126 349.811611 56.788528 
frameinfo 22 51582.18551662 92.590257 0.000000 270.000 261.018 -0.0126 349.271467 56.743171 
frameinfo 23 51582.18593132 92.440536 0.000000 270.000 260.567 -0.0126 348.732522 56.695452 
frameinfo 24 51582.18634591 92.290855 0.000000 270.000 260.118 -0.0125 348.195126 56.645430 
frameinfo 25 51582.18676061 92.141134 0.000000 270.000 259.670 -0.0125 347.659030 56.593104 
frameinfo 26 51582.18717520 91.991454 0.000000 270.000 259.225 -0.0124 347.124602 56.538493 
frameinfo 27 51582.18758990 91.841732 0.000000 270.000 258.780 -0.0124 346.591604 56.481572 
frameinfo 28 51582.18800449 91.692052 0.000000 270.000 258.337 -0.0123 346.060369 56.422421 
frameinfo 29 51582.18841919 91.542330 0.000000 270.000 257.896 -0.0123 345.530689 56.360966 
frameinfo 30 51582.18883378 91.392650 0.000000 270.000 257.457 -0.0122 345.002893 56.297281 
frameinfo 31 51582.18924836 91.242970 0.000000 270.000 257.020 -0.0122 344.476866 56.231391 
frameinfo 32 51582.18966307 91.093248 0.000000 270.000 256.584 -0.0121 343.952554 56.163231 
frameinfo 33 51582.19007765 90.943568 0.000000 270.000 256.151 -0.0121 343.430276 56.092885 
frameinfo 34 51582.19049235 90.793847 0.000000 270.000 255.719 -0.0120 342.909770 56.020351 
frameinfo 35 51582.19090694 90.644167 0.000000 270.000 255.289 -0.0120 342.391413 55.945631 
frameinfo 36 51582.19132176 90.494403 -26.878492 270.000 254.862 -0.0119 341.874782 55.868720 
frameinfo 37 51582.19173623 90.344765 0.000000 270.000 254.436 -0.0118 341.360659 55.789719 
frameinfo 38 51582.19215093 90.195043 0.000000 270.000 254.013 -0.0118 340.848374 55.708526 
frameinfo 39 51582.19256552 90.045363 0.122881 270.000 253.592 -0.0117 340.338384 55.625238 
frameinfo 40 51582.19298022 89.895641 0.000000 270.000 253.173 -0.0117 339.830424 55.539847 
frameinfo 41 51582.19339481 89.745961 0.000000 270.000 252.757 -0.0116 339.324858 55.452367 
frameinfo 42 51582.19380951 89.596239 0.000000 270.000 252.342 -0.0115 338.821406 55.362804 
frameinfo 43 51582.19422409 89.446559 0.000000 270.000 251.930 -0.0115 338.320397 55.271209 
frameinfo 44 51582.19463880 89.296837 0.000000 270.000 251.521 -0.0114 337.821598 55.177535 
frameinfo 45 51582.19505338 89.147156 0.000000 270.000 251.114 -0.0113 337.325303 55.081865 
frameinfo 46 51582.19546809 88.997434 43.660408 270.000 250.709 -0.0113 336.831243 54.984186 
frameinfo 47 51582.19588267 88.847753 0.000000 270.000 250.307 -0.0112 336.339768 54.884524 
frameinfo 48 51582.19629714 88.698115 0.000000 270.000 249.907 -0.0111 335.850873 54.782928 
frameinfo 49 51582.19671196 88.548350 0.000000 270.000 249.510 -0.0110 335.364041 54.679297 
frameinfo 50 51582.19712655 88.398669 0.000000 270.000 249.116 -0.0110 334.880004 54.573770 
frameinfo 51 51582.19754125 88.248947 0.000000 270.000 248.724 -0.0109 334.398358 54.466294 
frameinfo 52 51582.19795584 88.099266 0.000000 270.000 248.334 -0.0108 333.919371 54.356969 
frameinfo 53 51582.19837054 87.949543 0.000000 270.000 247.947 -0.0108 333.442838 54.245711 
frameinfo 54 51582.19878513 87.799862 0.000000 270.000 247.563 -0.0107 332.969020 54.132623 
frameinfo 55 51582.19919971 87.650181 0.000000 270.000 247.182 -0.0106 332.497801 54.017693 
frameinfo 56 51582.19961442 87.500458 0.000000 270.000 246.803 -0.0105 332.029085 53.900888 
frameinfo 57 51582.20002900 87.350777 0.000000 270.000 246.427 -0.0105 331.563138 53.782301 
frameinfo 58 51582.20044371 87.201053 54.745061 270.000 246.054 -0.0104 331.099707 53.661892 
frameinfo 59 51582.20085841 87.051330 0.000000 270.000 245.683 -0.0103 330.638921 53.539722 
frameinfo 60 51582.20127300 86.901649 0.000000 270.000 245.315 -0.0102 330.180960 53.415807 
frameinfo 61 51582.20168758 86.751967 0.000000 270.000 244.950 -0.0102 329.725674 53.290161 
frameinfo 62 51582.20210229 86.602243 0.000000 270.000 244.587 -0.0101 329.272942 53.162768 
frameinfo 63 51582.20251688 86.452561 0.000000 270.000 244.228 -0.0100 328.823056 53.033689 
frameinfo 64 51582.20293158 86.302837 26.109422 270.000 243.871 -0.0099 328.375735 52.902904 
frameinfo 65 51582.20334617 86.153155 0.000000 270.000 243.517 -0.0098 327.931257 52.770483 
frameinfo 66 51582.20376076 86.003472 0.000000 270.000 243.166 -0.0098 327.489506 52.636404 
frameinfo 67 51582.20417546 85.853748 0.000000 270.000 242.817 -0.0097 327.050324 52.500679 
frameinfo 68 51582.20459005 85.704065 0.000000 270.000 242.472 -0.0096 326.614013 52.363359 
frameinfo 69 51582.20500475 85.554341 0.446105 270.000 242.129 -0.0095 326.180308 52.224403 
frameinfo 70 51582.20541934 85.404658 24.455169 270.000 241.789 -0.0095 325.749417 52.083933 
frameinfo 71 51582.20583404 85.254934 0.000000 270.000 241.451 -0.0094 325.321159 51.941840 
frameinfo 72 51582.20624863 85.105251 0.000000 270.000 241.117 -0.0093 324.895743 51.798246 
frameinfo 73 51582.20666333 84.955526 0.000000 270.000 240.785 -0.0092 324.472926 51.653089 
frameinfo 74 51582.20707804 84.805801 0.000000 270.000 240.456 -0.0091 324.052800 51.506447 
frameinfo 75 51582.20749262 84.656118 0.000000 270.000 240.130 -0.0091 323.635532 51.358335 
frameinfo 76 51582.20790709 84.506477 0.000000 270.000 239.807 -0.0090 323.221065 51.208810 
frameinfo 77 51582.20832191 84.356710 0.000000 270.000 239.486 -0.0089 322.808962 51.057700 
frameinfo 78 51582.20873650 84.207027 0.000000 270.000 239.168 -0.0088 322.399797 50.905227 
frameinfo 79 51582.20915109 84.057343 0.000000 270.000 238.854 -0.0088 321.993317 50.751337 
frameinfo 80 51582.20956579 83.907618 0.000000 270.000 238.541 -0.0087 321.589378 50.596023 
frameinfo 81 51582.20998038 83.757934 0.000000 270.000 238.232 -0.0086 321.188250 50.439347 
frameinfo 82 51582.21039508 83.608209 0.000000 270.000 237.925 -0.0085 320.789657 50.281270 
frameinfo 83 51582.21080966 83.458525 0.000000 270.000 237.621 -0.0084 320.393830 50.121884 
frameinfo 84 51582.21122425 83.308841 0.000000 270.000 237.320 -0.0084 320.000659 49.961152 
frameinfo 85 51582.21163895 83.159114 0.000000 270.000 237.022 -0.0083 319.610009 49.799058 
frameinfo 86 51582.21205366 83.009388 0.000000 270.000 236.726 -0.0082 319.221954 49.635681 
