run                 1120                 # Imaging run number. 
cpu                 1                 # cpu ID
mjd		    51582		 # mjd
version		    /p/astroda/v14_11    # version of astroda

typedef struct {
    int       frame;          # Frame number. 
    double    mjd;            # MJD at time r' row 0 is clocked. (MJD = TAI/86400.0 for this mjd) 
    double    ra;             # Right ascension/longitude of boresight when r' row 0 is clocked. (degrees) 
    double    dec;            # Declination/latitude of boresight when r' row 0 is clocked. (degrees) 
    float     spa;            # Camera col position angle wrt north.  
                              # (degrees) 
    float     ipa;            # Instrument rotator position angle.  
                              # (degrees) 
    float     ipaRate;        # Instrument rotator angular velocity.  
                              # (deg/sec) 
    double    az;             # Azimuth (encoder) of telescope. (degrees) 
    double    alt;            # Altitude (encoder) of telescope.  
                              # (degrees) 
} FRAMEINFO;

frameinfo 8 51582.26669193 186.077573 64.996123 90.977 194.330 0.0032 150.513819 42.641737 
frameinfo 9 51582.26710883 186.433684 64.993131 91.299 194.446 0.0032 150.482919 42.558163 
frameinfo 10 51582.26752365 186.787925 64.989314 91.620 194.560 0.0032 150.451523 42.475142 
frameinfo 11 51582.26793823 187.141858 64.984663 91.941 194.675 0.0032 150.419500 42.392304 
frameinfo 12 51582.26835293 187.495755 64.979170 92.262 194.788 0.0032 150.386819 42.309578 
frameinfo 13 51582.26876752 187.849397 64.972842 92.582 194.902 0.0032 150.353505 42.227014 
frameinfo 14 51582.26918222 188.202961 64.965679 92.903 195.015 0.0031 150.319548 42.144569 
frameinfo 15 51582.26959680 188.556225 64.957678 93.223 195.127 0.0031 150.284958 42.062286 
frameinfo 16 51582.27001139 188.909268 64.948846 93.543 195.240 0.0031 150.249741 41.980148 
frameinfo 17 51582.27042609 189.262166 64.939174 93.862 195.351 0.0031 150.213879 41.898130 
frameinfo 18 51582.27084079 189.614799 64.928668 94.182 195.463 0.0031 150.177389 41.816257 
frameinfo 19 51582.27125538 189.967046 64.917333 94.501 195.574 0.0031 150.140284 41.734554 
frameinfo 20 51582.27166996 190.318987 64.905172 94.819 195.685 0.0031 150.102565 41.653003 
frameinfo 21 51582.27208466 190.670695 64.892173 95.138 195.795 0.0031 150.064209 41.571576 
frameinfo 22 51582.27249925 191.021954 64.878351 95.456 195.905 0.0031 150.025250 41.490325 
frameinfo 23 51582.27291395 191.372940 64.863699 95.774 196.014 0.0031 149.985670 41.409205 
frameinfo 24 51582.27332853 191.723435 64.848223 96.091 196.123 0.0030 149.945485 41.328261 
frameinfo 25 51582.27374323 192.073616 64.831923 96.408 196.232 0.0030 149.904688 41.247451 
frameinfo 26 51582.27415782 192.423263 64.814800 96.724 196.340 0.0030 149.863291 41.166819 
frameinfo 27 51582.27457252 192.772553 64.796851 97.040 196.448 0.0030 149.821280 41.086323 
frameinfo 28 51582.27498710 193.121272 64.778093 97.356 196.556 0.0030 149.778688 41.006012 
frameinfo 29 51582.27540180 193.469592 64.758508 97.671 196.663 0.0030 149.735481 40.925838 
frameinfo 30 51582.27581639 193.817301 64.738113 97.986 196.770 0.0030 149.691691 40.845847 
frameinfo 31 51582.27623097 194.164475 64.716905 98.299 196.877 0.0030 149.647310 40.766021 
frameinfo 32 51582.27664567 194.511195 64.694884 98.613 196.983 0.0030 149.602333 40.686340 
frameinfo 33 51582.27706026 194.857243 64.672055 98.926 197.089 0.0029 149.556777 40.606845 
frameinfo 34 51582.27747495 195.202795 64.648415 99.238 197.194 0.0029 149.510626 40.527496 
frameinfo 35 51582.27788954 195.547642 64.623978 99.550 197.299 0.0029 149.463909 40.448339 
frameinfo 36 51582.27830424 195.891953 64.598728 99.861 197.404 0.0029 149.416596 40.369329 
frameinfo 37 51582.27871882 196.235523 64.572689 100.171 197.508 0.0029 149.368724 40.290513 
frameinfo 38 51582.27913352 196.578521 64.545843 100.481 197.612 0.0029 149.320264 40.211848 
frameinfo 39 51582.27954811 196.920739 64.518208 100.790 197.716 0.0029 149.271243 40.133377 
frameinfo 40 51582.27996281 197.262350 64.489773 101.098 197.819 0.0029 149.221641 40.055060 
frameinfo 41 51582.28037739 197.603150 64.460560 101.406 197.922 0.0029 149.171490 39.976943 
frameinfo 42 51582.28079209 197.943308 64.430548 101.713 198.025 0.0029 149.120759 39.898980 
frameinfo 43 51582.28120668 198.282617 64.399762 102.019 198.127 0.0029 149.069481 39.821218 
frameinfo 44 51582.28162138 198.621254 64.368187 102.324 198.229 0.0028 149.017633 39.743615 
frameinfo 45 51582.28203597 198.959007 64.335838 102.628 198.331 0.0028 148.965238 39.666212 
frameinfo 46 51582.28245067 199.296052 64.302705 102.932 198.432 0.0028 148.912274 39.588971 
frameinfo 47 51582.28286537 199.632281 64.268802 103.235 198.533 0.0028 148.858762 39.511914 
frameinfo 48 51582.28327984 199.967491 64.234148 103.537 198.634 0.0028 148.804730 39.435085 
frameinfo 49 51582.28369454 200.302036 64.198706 103.838 198.734 0.0028 148.750119 39.358397 
frameinfo 50 51582.28410913 200.635628 64.162514 104.139 198.834 0.0028 148.694982 39.281918 
frameinfo 51 51582.28452383 200.968434 64.125550 104.438 198.934 0.0028 148.639286 39.205606 
frameinfo 52 51582.28493841 201.300253 64.087838 104.737 199.033 0.0028 148.583063 39.129503 
frameinfo 53 51582.28535312 201.631263 64.049366 105.034 199.132 0.0028 148.526292 39.053571 
frameinfo 54 51582.28576770 201.961255 64.010150 105.331 199.231 0.0027 148.468996 38.977849 
frameinfo 8 51582.26669193 186.077573 64.996123 90.977 194.330 0.0032 150.513819 42.641737 
frameinfo 9 51582.26710883 186.433684 64.993131 91.299 194.446 0.0032 150.482919 42.558163 
frameinfo 10 51582.26752365 186.787925 64.989314 91.620 194.560 0.0032 150.451523 42.475142 
frameinfo 11 51582.26793823 187.141858 64.984663 91.941 194.675 0.0032 150.419500 42.392304 
frameinfo 12 51582.26835293 187.495755 64.979170 92.262 194.788 0.0032 150.386819 42.309578 
frameinfo 13 51582.26876752 187.849397 64.972842 92.582 194.902 0.0032 150.353505 42.227014 
frameinfo 14 51582.26918222 188.202961 64.965679 92.903 195.015 0.0031 150.319548 42.144569 
frameinfo 15 51582.26959680 188.556225 64.957678 93.223 195.127 0.0031 150.284958 42.062286 
frameinfo 16 51582.27001139 188.909268 64.948846 93.543 195.240 0.0031 150.249741 41.980148 
frameinfo 17 51582.27042609 189.262166 64.939174 93.862 195.351 0.0031 150.213879 41.898130 
frameinfo 18 51582.27084079 189.614799 64.928668 94.182 195.463 0.0031 150.177389 41.816257 
frameinfo 19 51582.27125538 189.967046 64.917333 94.501 195.574 0.0031 150.140284 41.734554 
frameinfo 20 51582.27166996 190.318987 64.905172 94.819 195.685 0.0031 150.102565 41.653003 
frameinfo 21 51582.27208466 190.670695 64.892173 95.138 195.795 0.0031 150.064209 41.571576 
frameinfo 22 51582.27249925 191.021954 64.878351 95.456 195.905 0.0031 150.025250 41.490325 
frameinfo 23 51582.27291395 191.372940 64.863699 95.774 196.014 0.0031 149.985670 41.409205 
frameinfo 24 51582.27332853 191.723435 64.848223 96.091 196.123 0.0030 149.945485 41.328261 
frameinfo 25 51582.27374323 192.073616 64.831923 96.408 196.232 0.0030 149.904688 41.247451 
frameinfo 26 51582.27415782 192.423263 64.814800 96.724 196.340 0.0030 149.863291 41.166819 
frameinfo 27 51582.27457252 192.772553 64.796851 97.040 196.448 0.0030 149.821280 41.086323 
frameinfo 28 51582.27498710 193.121272 64.778093 97.356 196.556 0.0030 149.778688 41.006012 
frameinfo 29 51582.27540180 193.469592 64.758508 97.671 196.663 0.0030 149.735481 40.925838 
frameinfo 30 51582.27581639 193.817301 64.738113 97.986 196.770 0.0030 149.691691 40.845847 
frameinfo 31 51582.27623097 194.164475 64.716905 98.299 196.877 0.0030 149.647310 40.766021 
frameinfo 32 51582.27664567 194.511195 64.694884 98.613 196.983 0.0030 149.602333 40.686340 
frameinfo 33 51582.27706026 194.857243 64.672055 98.926 197.089 0.0029 149.556777 40.606845 
frameinfo 34 51582.27747495 195.202795 64.648415 99.238 197.194 0.0029 149.510626 40.527496 
frameinfo 35 51582.27788954 195.547642 64.623978 99.550 197.299 0.0029 149.463909 40.448339 
frameinfo 36 51582.27830424 195.891953 64.598728 99.861 197.404 0.0029 149.416596 40.369329 
frameinfo 37 51582.27871882 196.235523 64.572689 100.171 197.508 0.0029 149.368724 40.290513 
frameinfo 38 51582.27913352 196.578521 64.545843 100.481 197.612 0.0029 149.320264 40.211848 
frameinfo 39 51582.27954811 196.920739 64.518208 100.790 197.716 0.0029 149.271243 40.133377 
frameinfo 40 51582.27996281 197.262350 64.489773 101.098 197.819 0.0029 149.221641 40.055060 
frameinfo 41 51582.28037739 197.603150 64.460560 101.406 197.922 0.0029 149.171490 39.976943 
frameinfo 42 51582.28079209 197.943308 64.430548 101.713 198.025 0.0029 149.120759 39.898980 
frameinfo 43 51582.28120668 198.282617 64.399762 102.019 198.127 0.0029 149.069481 39.821218 
frameinfo 44 51582.28162138 198.621254 64.368187 102.324 198.229 0.0028 149.017633 39.743615 
frameinfo 45 51582.28203597 198.959007 64.335838 102.628 198.331 0.0028 148.965238 39.666212 
frameinfo 46 51582.28245067 199.296052 64.302705 102.932 198.432 0.0028 148.912274 39.588971 
frameinfo 47 51582.28286537 199.632281 64.268802 103.235 198.533 0.0028 148.858762 39.511914 
frameinfo 48 51582.28327984 199.967491 64.234148 103.537 198.634 0.0028 148.804730 39.435085 
frameinfo 49 51582.28369454 200.302036 64.198706 103.838 198.734 0.0028 148.750119 39.358397 
frameinfo 50 51582.28410913 200.635628 64.162514 104.139 198.834 0.0028 148.694982 39.281918 
frameinfo 51 51582.28452383 200.968434 64.125550 104.438 198.934 0.0028 148.639286 39.205606 
frameinfo 52 51582.28493841 201.300253 64.087838 104.737 199.033 0.0028 148.583063 39.129503 
frameinfo 53 51582.28535312 201.631263 64.049366 105.034 199.132 0.0028 148.526292 39.053571 
frameinfo 54 51582.28576770 201.961255 64.010150 105.331 199.231 0.0027 148.468996 38.977849 
frameinfo 8 51582.26669193 186.077573 64.996123 90.977 194.330 0.0032 150.513819 42.641737 
frameinfo 9 51582.26710883 186.433684 64.993131 91.299 194.446 0.0032 150.482919 42.558163 
frameinfo 10 51582.26752365 186.787925 64.989314 91.620 194.560 0.0032 150.451523 42.475142 
frameinfo 11 51582.26793823 187.141858 64.984663 91.941 194.675 0.0032 150.419500 42.392304 
frameinfo 12 51582.26835293 187.495755 64.979170 92.262 194.788 0.0032 150.386819 42.309578 
frameinfo 13 51582.26876752 187.849397 64.972842 92.582 194.902 0.0032 150.353505 42.227014 
frameinfo 14 51582.26918222 188.202961 64.965679 92.903 195.015 0.0031 150.319548 42.144569 
frameinfo 15 51582.26959680 188.556225 64.957678 93.223 195.127 0.0031 150.284958 42.062286 
frameinfo 16 51582.27001139 188.909268 64.948846 93.543 195.240 0.0031 150.249741 41.980148 
frameinfo 17 51582.27042609 189.262166 64.939174 93.862 195.351 0.0031 150.213879 41.898130 
frameinfo 18 51582.27084079 189.614799 64.928668 94.182 195.463 0.0031 150.177389 41.816257 
frameinfo 19 51582.27125538 189.967046 64.917333 94.501 195.574 0.0031 150.140284 41.734554 
frameinfo 20 51582.27166996 190.318987 64.905172 94.819 195.685 0.0031 150.102565 41.653003 
frameinfo 21 51582.27208466 190.670695 64.892173 95.138 195.795 0.0031 150.064209 41.571576 
frameinfo 22 51582.27249925 191.021954 64.878351 95.456 195.905 0.0031 150.025250 41.490325 
frameinfo 23 51582.27291395 191.372940 64.863699 95.774 196.014 0.0031 149.985670 41.409205 
frameinfo 24 51582.27332853 191.723435 64.848223 96.091 196.123 0.0030 149.945485 41.328261 
frameinfo 25 51582.27374323 192.073616 64.831923 96.408 196.232 0.0030 149.904688 41.247451 
frameinfo 26 51582.27415782 192.423263 64.814800 96.724 196.340 0.0030 149.863291 41.166819 
frameinfo 27 51582.27457252 192.772553 64.796851 97.040 196.448 0.0030 149.821280 41.086323 
frameinfo 28 51582.27498710 193.121272 64.778093 97.356 196.556 0.0030 149.778688 41.006012 
frameinfo 29 51582.27540180 193.469592 64.758508 97.671 196.663 0.0030 149.735481 40.925838 
frameinfo 30 51582.27581639 193.817301 64.738113 97.986 196.770 0.0030 149.691691 40.845847 
frameinfo 31 51582.27623097 194.164475 64.716905 98.299 196.877 0.0030 149.647310 40.766021 
frameinfo 32 51582.27664567 194.511195 64.694884 98.613 196.983 0.0030 149.602333 40.686340 
frameinfo 33 51582.27706026 194.857243 64.672055 98.926 197.089 0.0029 149.556777 40.606845 
frameinfo 34 51582.27747495 195.202795 64.648415 99.238 197.194 0.0029 149.510626 40.527496 
frameinfo 35 51582.27788954 195.547642 64.623978 99.550 197.299 0.0029 149.463909 40.448339 
frameinfo 36 51582.27830424 195.891953 64.598728 99.861 197.404 0.0029 149.416596 40.369329 
frameinfo 37 51582.27871882 196.235523 64.572689 100.171 197.508 0.0029 149.368724 40.290513 
frameinfo 38 51582.27913352 196.578521 64.545843 100.481 197.612 0.0029 149.320264 40.211848 
frameinfo 39 51582.27954811 196.920739 64.518208 100.790 197.716 0.0029 149.271243 40.133377 
frameinfo 40 51582.27996281 197.262350 64.489773 101.098 197.819 0.0029 149.221641 40.055060 
frameinfo 41 51582.28037739 197.603150 64.460560 101.406 197.922 0.0029 149.171490 39.976943 
frameinfo 42 51582.28079209 197.943308 64.430548 101.713 198.025 0.0029 149.120759 39.898980 
frameinfo 43 51582.28120668 198.282617 64.399762 102.019 198.127 0.0029 149.069481 39.821218 
frameinfo 44 51582.28162138 198.621254 64.368187 102.324 198.229 0.0028 149.017633 39.743615 
frameinfo 45 51582.28203597 198.959007 64.335838 102.628 198.331 0.0028 148.965238 39.666212 
frameinfo 46 51582.28245067 199.296052 64.302705 102.932 198.432 0.0028 148.912274 39.588971 
frameinfo 47 51582.28286537 199.632281 64.268802 103.235 198.533 0.0028 148.858762 39.511914 
frameinfo 48 51582.28327984 199.967491 64.234148 103.537 198.634 0.0028 148.804730 39.435085 
frameinfo 49 51582.28369454 200.302036 64.198706 103.838 198.734 0.0028 148.750119 39.358397 
frameinfo 50 51582.28410913 200.635628 64.162514 104.139 198.834 0.0028 148.694982 39.281918 
frameinfo 51 51582.28452383 200.968434 64.125550 104.438 198.934 0.0028 148.639286 39.205606 
frameinfo 52 51582.28493841 201.300253 64.087838 104.737 199.033 0.0028 148.583063 39.129503 
frameinfo 53 51582.28535312 201.631263 64.049366 105.034 199.132 0.0028 148.526292 39.053571 
frameinfo 54 51582.28576770 201.961255 64.010150 105.331 199.231 0.0027 148.468996 38.977849 
