run                 1121                 # Imaging run number. 
cpu                 1                 # cpu ID
mjd		    51582		 # mjd
version		    /p/astroda/v14_11    # version of astroda

typedef struct {
    int       frame;          # Frame number. 
    double    mjd;            # MJD at time r' row 0 is clocked. (MJD = TAI/86400.0 for this mjd) 
    double    ra;             # Right ascension/longitude of boresight when r' row 0 is clocked. (degrees) 
    double    dec;            # Declination/latitude of boresight when r' row 0 is clocked. (degrees) 
    float     spa;            # Camera col position angle wrt north.  
                              # (degrees) 
    float     ipa;            # Instrument rotator position angle.  
                              # (degrees) 
    float     ipaRate;        # Instrument rotator angular velocity.  
                              # (deg/sec) 
    double    az;             # Azimuth (encoder) of telescope. (degrees) 
    double    alt;            # Altitude (encoder) of telescope.  
                              # (degrees) 
} FRAMEINFO;

frameinfo 8 51582.30169359 125.741609 0.000000 90.000 68.641 0.0000 334.298159 54.331995 
frameinfo 9 51582.30211060 125.892175 0.000000 90.000 68.641 0.0000 334.298208 54.332010 
frameinfo 10 51582.30252542 126.041947 0.000000 90.000 68.641 0.0000 334.298256 54.332025 
frameinfo 11 51582.30294012 126.191678 0.000000 90.000 68.641 0.0000 334.298304 54.332040 
frameinfo 12 51582.30335957 126.343121 -38.624719 90.000 68.642 0.0000 334.298352 54.332055 
frameinfo 13 51582.30377427 126.492851 0.000000 90.000 68.642 0.0000 334.298400 54.332070 
frameinfo 14 51582.30418885 126.642540 -49.708192 90.000 68.642 0.0000 334.298448 54.332086 
frameinfo 15 51582.30460355 126.792270 0.000000 90.000 68.642 0.0000 334.298496 54.332101 
frameinfo 16 51582.30501814 126.941959 0.000000 90.000 68.642 0.0000 334.298545 54.332116 
frameinfo 17 51582.30543272 127.091648 0.000000 90.000 68.642 0.0000 334.298593 54.332131 
frameinfo 18 51582.30584754 127.241420 -69.933642 90.000 68.642 0.0000 334.298641 54.332146 
frameinfo 19 51582.30626201 127.391067 0.000000 89.986 68.628 0.0000 334.298730 54.332171 
frameinfo 20 51582.30667671 127.540798 0.000000 89.986 68.628 0.0000 334.298778 54.332186 
frameinfo 21 51582.30709130 127.690487 0.000000 89.986 68.628 0.0000 334.298826 54.332201 
frameinfo 22 51582.30750600 127.840218 0.000000 89.986 68.628 0.0000 334.298874 54.332216 
frameinfo 23 51582.30792545 127.991663 0.000000 89.986 68.628 0.0000 334.298923 54.332231 
frameinfo 24 51582.30834015 128.141394 0.000000 89.986 68.628 0.0000 334.298971 54.332247 
frameinfo 25 51582.30875474 128.291083 0.000000 89.986 68.628 0.0000 334.299019 54.332262 
frameinfo 26 51582.30916944 128.440814 -64.783879 89.986 68.628 0.0000 334.299067 54.332277 
frameinfo 27 51582.30958402 128.590504 0.000000 89.986 68.628 0.0000 334.299115 54.332292 
frameinfo 28 51582.30999873 128.740235 0.000000 89.986 68.628 0.0000 334.299163 54.332307 
frameinfo 29 51582.31041331 128.889925 -37.553053 89.986 68.628 0.0000 334.299211 54.332323 
frameinfo 8 51582.30169359 125.741609 0.000000 90.000 68.641 0.0000 334.298159 54.331995 
frameinfo 9 51582.30211060 125.892175 0.000000 90.000 68.641 0.0000 334.298208 54.332010 
frameinfo 10 51582.30252542 126.041947 0.000000 90.000 68.641 0.0000 334.298256 54.332025 
frameinfo 11 51582.30294012 126.191678 0.000000 90.000 68.641 0.0000 334.298304 54.332040 
frameinfo 12 51582.30335957 126.343121 -38.624719 90.000 68.642 0.0000 334.298352 54.332055 
frameinfo 13 51582.30377427 126.492851 0.000000 90.000 68.642 0.0000 334.298400 54.332070 
frameinfo 14 51582.30418885 126.642540 -49.708192 90.000 68.642 0.0000 334.298448 54.332086 
frameinfo 15 51582.30460355 126.792270 0.000000 90.000 68.642 0.0000 334.298496 54.332101 
frameinfo 16 51582.30501814 126.941959 0.000000 90.000 68.642 0.0000 334.298545 54.332116 
frameinfo 17 51582.30543272 127.091648 0.000000 90.000 68.642 0.0000 334.298593 54.332131 
frameinfo 18 51582.30584754 127.241420 -69.933642 90.000 68.642 0.0000 334.298641 54.332146 
frameinfo 19 51582.30626201 127.391067 0.000000 89.986 68.628 0.0000 334.298730 54.332171 
frameinfo 20 51582.30667671 127.540798 0.000000 89.986 68.628 0.0000 334.298778 54.332186 
frameinfo 21 51582.30709130 127.690487 0.000000 89.986 68.628 0.0000 334.298826 54.332201 
frameinfo 22 51582.30750600 127.840218 0.000000 89.986 68.628 0.0000 334.298874 54.332216 
frameinfo 23 51582.30792545 127.991663 0.000000 89.986 68.628 0.0000 334.298923 54.332231 
frameinfo 24 51582.30834015 128.141394 0.000000 89.986 68.628 0.0000 334.298971 54.332247 
frameinfo 25 51582.30875474 128.291083 0.000000 89.986 68.628 0.0000 334.299019 54.332262 
frameinfo 26 51582.30916944 128.440814 -64.783879 89.986 68.628 0.0000 334.299067 54.332277 
frameinfo 27 51582.30958402 128.590504 0.000000 89.986 68.628 0.0000 334.299115 54.332292 
frameinfo 28 51582.30999873 128.740235 0.000000 89.986 68.628 0.0000 334.299163 54.332307 
frameinfo 29 51582.31041331 128.889925 -37.553053 89.986 68.628 0.0000 334.299211 54.332323 
frameinfo 8 51582.30169359 125.741609 0.000000 90.000 68.641 0.0000 334.298159 54.331995 
frameinfo 9 51582.30211060 125.892175 0.000000 90.000 68.641 0.0000 334.298208 54.332010 
frameinfo 10 51582.30252542 126.041947 0.000000 90.000 68.641 0.0000 334.298256 54.332025 
frameinfo 11 51582.30294012 126.191678 0.000000 90.000 68.641 0.0000 334.298304 54.332040 
frameinfo 12 51582.30335957 126.343121 -38.624719 90.000 68.642 0.0000 334.298352 54.332055 
frameinfo 13 51582.30377427 126.492851 0.000000 90.000 68.642 0.0000 334.298400 54.332070 
frameinfo 14 51582.30418885 126.642540 -49.708192 90.000 68.642 0.0000 334.298448 54.332086 
frameinfo 15 51582.30460355 126.792270 0.000000 90.000 68.642 0.0000 334.298496 54.332101 
frameinfo 16 51582.30501814 126.941959 0.000000 90.000 68.642 0.0000 334.298545 54.332116 
frameinfo 17 51582.30543272 127.091648 0.000000 90.000 68.642 0.0000 334.298593 54.332131 
frameinfo 18 51582.30584754 127.241420 -69.933642 90.000 68.642 0.0000 334.298641 54.332146 
frameinfo 19 51582.30626201 127.391067 0.000000 89.986 68.628 0.0000 334.298730 54.332171 
frameinfo 20 51582.30667671 127.540798 0.000000 89.986 68.628 0.0000 334.298778 54.332186 
frameinfo 21 51582.30709130 127.690487 0.000000 89.986 68.628 0.0000 334.298826 54.332201 
frameinfo 22 51582.30750600 127.840218 0.000000 89.986 68.628 0.0000 334.298874 54.332216 
frameinfo 23 51582.30792545 127.991663 0.000000 89.986 68.628 0.0000 334.298923 54.332231 
frameinfo 24 51582.30834015 128.141394 0.000000 89.986 68.628 0.0000 334.298971 54.332247 
frameinfo 25 51582.30875474 128.291083 0.000000 89.986 68.628 0.0000 334.299019 54.332262 
frameinfo 26 51582.30916944 128.440814 -64.783879 89.986 68.628 0.0000 334.299067 54.332277 
frameinfo 27 51582.30958402 128.590504 0.000000 89.986 68.628 0.0000 334.299115 54.332292 
frameinfo 28 51582.30999873 128.740235 0.000000 89.986 68.628 0.0000 334.299163 54.332307 
frameinfo 29 51582.31041331 128.889925 -37.553053 89.986 68.628 0.0000 334.299211 54.332323 
