run                 1118                 # Imaging run number. 
cpu                 1                 # cpu ID
mjd		    51582		 # mjd
version		    /p/astroda/v14_11    # version of astroda

typedef struct {
    int       frame;          # Frame number. 
    double    mjd;            # MJD at time r' row 0 is clocked. (MJD = TAI/86400.0 for this mjd) 
    double    ra;             # Right ascension/longitude of boresight when r' row 0 is clocked. (degrees) 
    double    dec;            # Declination/latitude of boresight when r' row 0 is clocked. (degrees) 
    float     spa;            # Camera col position angle wrt north.  
                              # (degrees) 
    float     ipa;            # Instrument rotator position angle.  
                              # (degrees) 
    float     ipaRate;        # Instrument rotator angular velocity.  
                              # (deg/sec) 
    double    az;             # Azimuth (encoder) of telescope. (degrees) 
    double    alt;            # Altitude (encoder) of telescope.  
                              # (degrees) 
} FRAMEINFO;

frameinfo 8 51582.21747422 126.012016 0.000000 90.000 113.166 0.0000 27.871513 53.780754 
frameinfo 9 51582.21789101 126.162499 0.000000 90.000 113.166 0.0000 27.871566 53.780745 
frameinfo 10 51582.21830583 126.312272 0.000000 90.000 113.166 0.0000 27.871619 53.780736 
frameinfo 11 51582.21872041 126.461961 0.000000 90.000 113.166 0.0000 27.871671 53.780727 
frameinfo 12 51582.21913511 126.611692 0.000000 90.000 113.166 0.0000 27.871724 53.780717 
frameinfo 13 51582.21954970 126.761381 0.039150 90.000 113.166 0.0000 27.871776 53.780709 
frameinfo 14 51582.21996440 126.911112 0.000000 90.000 113.167 0.0000 27.871829 53.780699 
frameinfo 15 51582.22037899 127.060802 0.000000 90.000 113.167 0.0000 27.871881 53.780690 
frameinfo 16 51582.22079369 127.210533 -13.740244 90.000 113.167 0.0000 27.871934 53.780681 
frameinfo 17 51582.22120827 127.360222 0.000000 90.000 113.167 0.0000 27.871986 53.780672 
frameinfo 18 51582.22162297 127.509953 0.000000 90.000 113.167 0.0000 27.872039 53.780663 
frameinfo 19 51582.22203756 127.659642 0.000000 90.000 113.167 0.0000 27.872091 53.780654 
frameinfo 20 51582.22245214 127.809332 0.000000 90.000 113.167 0.0000 27.872144 53.780645 
frameinfo 21 51582.22286696 127.959105 0.000000 90.000 113.167 0.0000 27.872197 53.780636 
frameinfo 22 51582.22328155 128.108794 0.000000 90.000 113.167 0.0000 27.872249 53.780627 
frameinfo 23 51582.22369613 128.258484 0.000000 90.000 113.167 0.0000 27.872302 53.780618 
frameinfo 24 51582.22411072 128.408173 0.000000 90.000 113.167 0.0000 27.872354 53.780609 
frameinfo 25 51582.22452542 128.557905 0.000000 90.000 113.167 0.0000 27.872407 53.780600 
frameinfo 26 51582.22494012 128.707636 0.000000 90.000 113.167 0.0000 27.872459 53.780592 
frameinfo 27 51582.22535470 128.857325 23.644237 90.000 113.167 0.0000 27.872512 53.780583 
frameinfo 28 51582.22576929 129.007015 -0.589900 90.000 113.167 0.0000 27.872564 53.780574 
frameinfo 29 51582.22618399 129.156746 0.000000 90.000 113.167 0.0000 27.872617 53.780565 
frameinfo 30 51582.22659857 129.306436 0.000000 90.000 113.167 0.0000 27.872670 53.780556 
frameinfo 31 51582.22701327 129.456167 -89.787388 90.000 113.167 0.0000 27.872722 53.780547 
frameinfo 32 51582.22742786 129.605857 0.566443 90.000 113.167 0.0000 27.872775 53.780538 
frameinfo 33 51582.22784256 129.755588 0.000000 90.000 113.167 0.0000 27.872827 53.780529 
frameinfo 34 51582.22825714 129.905278 -67.177349 90.000 113.167 0.0000 27.872880 53.780520 
frameinfo 35 51582.22867184 130.055009 0.000000 90.000 113.167 0.0000 27.872933 53.780511 
frameinfo 36 51582.22908643 130.204699 0.000000 90.000 113.167 0.0000 27.872985 53.780502 
frameinfo 37 51582.22950113 130.354431 0.000000 90.000 113.167 0.0000 27.873038 53.780493 
frameinfo 38 51582.22991571 130.504121 0.000000 90.000 113.168 0.0000 27.873090 53.780484 
frameinfo 39 51582.23033041 130.653853 0.000000 90.000 113.168 0.0000 27.873143 53.780475 
frameinfo 40 51582.23074500 130.803543 74.635575 90.000 113.168 0.0000 27.873196 53.780466 
frameinfo 41 51582.23115958 130.953233 0.000000 90.000 113.168 0.0000 27.873248 53.780457 
frameinfo 42 51582.23157429 131.102965 0.000000 90.000 113.168 0.0000 27.873301 53.780448 
frameinfo 43 51582.23198887 131.252655 -52.466406 90.000 113.168 0.0000 27.873353 53.780439 
frameinfo 44 51582.23240357 131.402387 0.000000 90.000 113.168 0.0000 27.873406 53.780430 
frameinfo 45 51582.23281816 131.552077 0.000000 90.000 113.168 0.0000 27.873459 53.780421 
frameinfo 46 51582.23323286 131.701810 0.000000 90.000 113.168 0.0000 27.873511 53.780412 
frameinfo 47 51582.23364744 131.851500 0.000000 90.000 113.168 0.0000 27.873564 53.780404 
frameinfo 48 51582.23406214 132.001232 0.000000 90.000 113.168 0.0000 27.873617 53.780395 
frameinfo 49 51582.23447673 132.150922 24.522198 90.000 113.168 0.0000 27.873669 53.780386 
frameinfo 50 51582.23489143 132.300655 0.000000 90.000 113.168 0.0000 27.873722 53.780377 
frameinfo 51 51582.23530602 132.450345 0.000000 90.000 113.168 0.0000 27.873774 53.780368 
frameinfo 52 51582.23572072 132.600078 0.000000 90.000 113.168 0.0000 27.873827 53.780359 
frameinfo 53 51582.23613530 132.749768 0.000000 90.000 113.168 0.0000 27.873880 53.780350 
frameinfo 54 51582.23655000 132.899501 0.000000 90.000 113.168 0.0000 27.873932 53.780341 
frameinfo 55 51582.23696459 133.049191 0.000000 90.000 113.168 0.0000 27.873985 53.780332 
frameinfo 56 51582.23737917 133.198882 0.000000 90.000 113.168 0.0000 27.874037 53.780323 
frameinfo 57 51582.23779388 133.348615 0.000000 90.000 113.168 0.0000 27.874090 53.780315 
frameinfo 58 51582.23820846 133.498306 14.542081 90.000 113.168 0.0000 27.874143 53.780306 
frameinfo 59 51582.23862316 133.648039 -55.737558 90.000 113.168 0.0000 27.874195 53.780297 
frameinfo 60 51582.23903775 133.797730 0.000000 90.000 113.168 0.0000 27.874248 53.780288 
frameinfo 61 51582.23945245 133.947463 10.420469 90.000 113.168 0.0000 27.874301 53.780279 
frameinfo 62 51582.23986704 134.097154 -6.235573 90.000 113.169 0.0000 27.874353 53.780270 
